company_id,company_name,quarter,year,quarter_of_year,date,country,fintech_type,company_age_years,fintech_failure,fintech_distress,regulatory_sanction,revenue_usd,revenue_growth_pct,net_income_usd,profit_margin_pct,burn_rate_usd,funding_amount_usd,funding_stage,total_funding_to_date_usd,active_users,user_growth_pct,transaction_volume_usd,transaction_count,avg_transaction_value_usd,num_agents,customer_acquisition_cost_usd,customer_churn_rate_pct,country_market_size_index,country_regulatory_strength_index,country_economic_stability_index,quarters_since_last_funding
FT001,InstantTech,1,2020,1,2020-01-01,Kenya,Mobile Money,2.4,0,0,0,867448.08,0.0,421304.68,48.57,0,0.0,Seed,0.0,75569,3.19,31749908.98,631455,50.28,1296,17.07,7.55,0.4,0.8,0.7,1
FT001,InstantTech,2,2020,2,2020-03-31,Kenya,Mobile Money,2.65,0,0,0,749180.09,-65.45,103082.19,13.76,0,0.0,Seed,0.0,101213,38.21,42524002.22,563228,75.5,1217,6.77,8.98,0.4,0.8,0.7,2
FT001,InstantTech,3,2020,3,2020-06-29,Kenya,Mobile Money,2.9,0,0,0,1010758.82,-71.58,283619.84,28.06,0,0.0,Seed,0.0,83257,13.69,34980024.83,495589,70.58,577,17.65,12.84,0.4,0.8,0.7,3
FT001,InstantTech,4,2020,4,2020-09-27,Kenya,Mobile Money,3.15,0,0,0,988521.84,-65.72,301243.93,30.47,0,0.0,Seed,0.0,100402,37.1,42183206.71,338541,124.6,1513,10.05,14.77,0.4,0.8,0.7,0
FT001,InstantTech,5,2020,1,2020-12-26,Kenya,Mobile Money,3.4,0,0,0,1184091.59,-54.66,288886.03,24.4,0,0.0,Seed,0.0,132821,81.37,55803997.33,776018,71.91,721,11.19,13.01,0.4,0.8,0.7,1
FT001,InstantTech,6,2021,2,2021-03-26,Kenya,Mobile Money,3.65,0,0,0,704096.76,-59.88,330796.47,46.98,0,0.0,Seed,0.0,117527,60.49,49378131.66,731544,67.5,1627,5.35,10.89,0.4,0.8,0.7,2
FT001,InstantTech,7,2021,3,2021-06-24,Kenya,Mobile Money,3.9,0,0,0,1191861.46,-62.28,353117.69,29.63,0,0.0,Seed,0.0,110497,50.89,46424596.47,505583,91.82,2126,6.98,16.57,0.4,0.8,0.7,3
FT001,InstantTech,8,2021,4,2021-09-22,Kenya,Mobile Money,4.15,0,0,0,931225.4,-50.1,197574.68,21.22,0,0.0,Seed,0.0,146157,99.58,61406679.27,723871,84.83,1451,7.22,8.59,0.4,0.8,0.7,0
FT001,InstantTech,9,2021,1,2021-12-21,Kenya,Mobile Money,4.4,0,0,0,1194353.76,-42.62,269744.78,22.58,0,0.0,Seed,0.0,168076,129.52,70616055.68,571527,123.56,1274,4.92,6.28,0.4,0.8,0.7,1
FT001,InstantTech,10,2022,2,2022-03-21,Kenya,Mobile Money,4.65,0,0,0,944281.68,-50.73,421959.25,44.69,0,0.0,Seed,0.0,144333,97.09,60640469.92,434963,139.42,1719,4.62,10.04,0.4,0.8,0.7,2
FT001,InstantTech,11,2022,3,2022-06-19,Kenya,Mobile Money,4.9,0,0,0,2024436.98,-36.7,724886.34,35.81,0,0.0,Seed,0.0,185409,153.19,77898290.74,373095,208.79,3488,6.13,9.02,0.4,0.8,0.7,3
FT001,InstantTech,12,2022,4,2022-09-17,Kenya,Mobile Money,5.15,0,0,0,1958846.99,-36.24,825117.15,42.12,0,0.0,Seed,0.0,186753,155.02,78463119.52,1276869,61.45,2291,11.73,10.09,0.4,0.8,0.7,0
FT001,InstantTech,13,2022,1,2022-12-16,Kenya,Mobile Money,5.4,0,0,0,1629003.3,-12.04,290432.91,17.83,0,0.0,Seed,0.0,257647,251.83,108248492.52,629202,172.04,3344,3.84,11.0,0.4,0.8,0.7,1
FT001,InstantTech,14,2023,2,2023-03-16,Kenya,Mobile Money,5.65,0,0,0,1322518.42,-27.63,490250.33,37.07,0,3559752.07,Series C,3559752.07,211980,189.47,89062017.61,1101385,80.86,1732,5.16,7.2,0.4,0.8,0.7,2
FT001,InstantTech,15,2023,3,2023-06-14,Kenya,Mobile Money,5.9,0,0,0,2340763.58,-26.23,896342.75,38.29,0,0.0,Seed,0.0,216083,195.07,90785595.71,1181358,76.85,2982,13.49,10.82,0.4,0.8,0.7,3
FT001,InstantTech,16,2023,4,2023-09-12,Kenya,Mobile Money,6.15,0,0,0,1824829.44,-5.41,544164.31,29.82,0,0.0,Seed,0.0,277079,278.37,116412703.26,766256,151.92,2865,9.79,12.84,0.4,0.8,0.7,0
FT002,Digi,1,2020,1,2020-01-01,Kenya,Payment Gateway,1.2,0,0,0,33382.52,0.0,13630.29,40.83,0,0.0,Seed,0.0,25376,15.19,2431118.62,82738,29.38,0,0.76,10.76,0.4,0.8,0.7,1
FT002,Digi,2,2020,2,2020-03-31,Kenya,Payment Gateway,1.45,0,0,0,70647.7,-71.77,28119.27,39.8,0,0.0,Seed,0.0,24873,12.91,2382916.69,110992,21.47,0,3.88,13.83,0.4,0.8,0.7,2
FT002,Digi,3,2020,3,2020-06-29,Kenya,Payment Gateway,1.7,0,0,0,66583.67,-72.41,18265.56,27.43,0,0.0,Seed,0.0,24311,10.36,2329116.85,131538,17.71,0,3.48,7.21,0.4,0.8,0.7,3
FT002,Digi,4,2020,4,2020-09-27,Kenya,Payment Gateway,1.95,0,0,0,53653.85,-65.66,18778.63,35.0,0,0.0,Seed,0.0,30258,37.35,2898840.17,119279,24.3,0,1.97,8.28,0.4,0.8,0.7,0
FT002,Digi,5,2020,1,2020-12-26,Kenya,Payment Gateway,2.2,0,0,0,67643.07,-61.2,28566.65,42.23,0,0.0,Seed,0.0,34189,55.2,3275409.81,183783,17.82,0,1.11,15.64,0.4,0.8,0.7,1
FT002,Digi,6,2021,2,2021-03-26,Kenya,Payment Gateway,2.45,0,0,0,99205.63,-55.14,31028.68,31.28,0,0.0,Seed,0.0,39527,79.43,3786837.55,155504,24.35,0,2.75,10.2,0.4,0.8,0.7,2
FT002,Digi,7,2021,3,2021-06-24,Kenya,Payment Gateway,2.7,0,0,0,79784.69,-64.49,22510.07,28.21,0,0.0,Seed,0.0,31293,42.05,2998028.38,213401,14.05,0,3.67,7.15,0.4,0.8,0.7,3
FT002,Digi,8,2021,4,2021-09-22,Kenya,Payment Gateway,2.95,0,0,0,98882.6,-52.81,21431.78,21.67,0,0.0,Seed,0.0,41581,88.75,3983601.54,99751,39.94,0,3.08,7.37,0.4,0.8,0.7,0
FT002,Digi,9,2021,1,2021-12-21,Kenya,Payment Gateway,3.2,0,0,0,120998.79,-38.49,39157.73,32.36,0,0.0,Seed,0.0,54197,146.02,5192202.05,410606,12.65,0,1.99,13.82,0.4,0.8,0.7,1
FT002,Digi,10,2022,2,2022-03-21,Kenya,Payment Gateway,3.45,0,0,0,90853.06,-38.64,31543.13,34.72,0,0.0,Seed,0.0,54070,145.45,5180092.04,250604,20.67,0,1.68,7.69,0.4,0.8,0.7,2
FT002,Digi,11,2022,3,2022-06-19,Kenya,Payment Gateway,3.7,0,0,0,145115.68,-38.89,51047.75,35.18,0,0.0,Seed,0.0,53849,144.44,5158853.75,254985,20.23,0,3.04,8.77,0.4,0.8,0.7,3
FT002,Digi,12,2022,4,2022-09-17,Kenya,Payment Gateway,3.95,0,0,0,180531.7,-17.37,48615.96,26.93,0,0.0,Seed,0.0,72812,230.52,6975586.74,206468,33.79,0,3.19,6.84,0.4,0.8,0.7,0
FT002,Digi,13,2022,1,2022-12-16,Kenya,Payment Gateway,4.2,0,0,0,73965.1,-17.89,17273.09,23.35,0,0.0,Seed,0.0,72353,228.44,6931640.2,514433,13.47,0,0.86,13.87,0.4,0.8,0.7,1
FT002,Digi,14,2023,2,2023-03-16,Kenya,Payment Gateway,4.45,0,0,0,191974.44,-15.55,75838.51,39.5,0,0.0,Seed,0.0,74412,237.79,7128898.75,198217,35.97,0,1.68,7.66,0.4,0.8,0.7,2
FT002,Digi,15,2023,3,2023-06-14,Kenya,Payment Gateway,4.7,0,0,0,200753.74,-0.41,68476.16,34.11,0,0.0,Seed,0.0,87755,298.36,8407135.87,461784,18.21,0,1.56,14.79,0.4,0.8,0.7,3
FT002,Digi,16,2023,4,2023-09-12,Kenya,Payment Gateway,4.95,0,0,0,184874.75,21.55,40328.98,21.81,0,0.0,Seed,0.0,107107,386.2,10261112.04,589126,17.42,0,1.87,10.56,0.4,0.8,0.7,0
FT003,M-Tech,1,2020,1,2020-01-01,Ghana,Remittance,3.8,0,0,0,73935.48,0.0,26190.5,35.42,0,0.0,Bootstrapped,0.0,52660,39.12,3062173.35,436472,7.02,0,1.3,14.97,0.3,0.65,0.6,1
FT003,M-Tech,2,2020,2,2020-03-31,Ghana,Remittance,4.05,0,0,0,76577.95,-69.49,29649.8,38.72,0,0.0,Bootstrapped,0.0,46189,22.02,2685874.01,351322,7.65,0,2.22,7.56,0.3,0.65,0.6,2
FT003,M-Tech,3,2020,3,2020-06-29,Ghana,Remittance,4.3,0,0,0,34085.99,-65.11,9284.68,27.24,0,3668242.13,Seed,3668242.13,52831,39.57,3072129.4,208926,14.7,0,0.58,12.56,0.3,0.65,0.6,3
FT003,M-Tech,4,2020,4,2020-09-27,Ghana,Remittance,4.55,0,0,0,52055.66,-65.07,14737.43,28.31,0,0.0,Bootstrapped,0.0,52886,39.71,3075318.17,397656,7.73,0,0.71,11.53,0.3,0.65,0.6,0
FT003,M-Tech,5,2020,1,2020-12-26,Ghana,Remittance,4.8,0,0,0,61854.98,-61.77,15126.76,24.46,0,0.0,Bootstrapped,0.0,57878,52.9,3365614.89,317705,10.59,0,1.21,6.21,0.3,0.65,0.6,1
FT003,M-Tech,6,2021,2,2021-03-26,Ghana,Remittance,5.05,0,0,0,44413.8,-62.8,12349.41,27.81,0,0.0,Bootstrapped,0.0,56323,48.79,3275180.04,336880,9.72,0,0.46,18.12,0.3,0.65,0.6,2
FT003,M-Tech,7,2021,3,2021-06-24,Ghana,Remittance,5.3,0,0,0,102242.26,-53.55,28465.06,27.84,0,0.0,Bootstrapped,0.0,70332,85.8,4089819.58,152072,26.89,0,1.0,6.5,0.3,0.65,0.6,3
FT003,M-Tech,8,2021,4,2021-09-22,Ghana,Remittance,5.55,0,0,0,83110.47,-55.68,27572.13,33.18,0,0.0,Bootstrapped,0.0,67111,77.29,3902482.03,324307,12.03,0,1.27,11.39,0.3,0.65,0.6,0
FT003,M-Tech,9,2021,1,2021-12-21,Ghana,Remittance,5.8,0,0,0,70259.61,-41.49,9725.32,13.84,0,0.0,Bootstrapped,0.0,88591,134.04,5151540.33,285669,18.03,0,0.61,13.85,0.3,0.65,0.6,1
FT003,M-Tech,10,2022,2,2022-03-21,Ghana,Remittance,6.05,0,0,0,37231.08,-59.76,12121.51,32.56,0,0.0,Bootstrapped,0.0,60932,60.97,3543210.09,271293,13.06,0,0.32,8.74,0.3,0.65,0.6,2
FT003,M-Tech,11,2022,3,2022-06-19,Ghana,Remittance,6.3,0,0,0,55940.43,-47.41,17023.11,30.43,0,0.0,Bootstrapped,0.0,79622,110.35,4629998.31,151794,30.5,0,0.52,7.26,0.3,0.65,0.6,3
FT003,M-Tech,12,2022,4,2022-09-17,Ghana,Remittance,6.55,0,0,0,111688.45,-48.11,18184.75,16.28,0,0.0,Bootstrapped,0.0,78571,107.57,4568906.01,271779,16.81,0,1.66,8.53,0.3,0.65,0.6,0
FT003,M-Tech,13,2022,1,2022-12-16,Ghana,Remittance,6.8,0,0,0,75437.55,-26.83,34181.99,45.31,0,0.0,Bootstrapped,0.0,110784,192.67,6442054.06,253231,25.44,0,0.74,11.15,0.3,0.65,0.6,1
FT003,M-Tech,14,2023,2,2023-03-16,Ghana,Remittance,7.05,0,0,0,151523.87,-34.68,57541.47,37.98,0,0.0,Bootstrapped,0.0,98894,161.26,5750677.82,727467,7.91,0,1.67,9.3,0.3,0.65,0.6,2
FT003,M-Tech,15,2023,3,2023-06-14,Ghana,Remittance,7.3,0,0,0,93593.02,-43.22,23530.8,25.14,0,0.0,Bootstrapped,0.0,85967,127.11,4998951.45,411012,12.16,0,0.7,16.57,0.3,0.65,0.6,3
FT003,M-Tech,16,2023,4,2023-09-12,Ghana,Remittance,7.55,0,0,0,224175.16,-8.71,57161.58,25.5,0,3052434.91,Series C,3052434.91,138221,265.15,8037532.0,680681,11.81,0,1.69,13.72,0.3,0.65,0.6,0
FT004,TrustBank,1,2020,1,2020-01-01,Zambia,Digital Banking,2.1,0,0,0,14219.12,0.0,4174.59,29.36,0,0.0,Bootstrapped,0.0,12168,3.12,1371467.23,48638,28.2,0,0.9,12.57,0.2,0.6,0.5,1
FT004,TrustBank,2,2020,2,2020-03-31,Zambia,Digital Banking,2.35,0,0,0,41372.59,-70.76,18887.27,45.65,0,0.0,Bootstrapped,0.0,13802,16.97,1555662.56,81549,19.08,0,4.2,16.38,0.2,0.6,0.5,2
FT004,TrustBank,3,2020,3,2020-06-29,Zambia,Digital Banking,2.6,0,0,0,23413.25,-67.42,5463.8,23.34,0,0.0,Bootstrapped,0.0,15378,30.32,1733361.5,82905,20.91,0,1.55,6.52,0.2,0.6,0.5,3
FT004,TrustBank,4,2020,4,2020-09-27,Zambia,Digital Banking,2.85,0,0,0,51097.14,-61.21,18538.55,36.28,0,0.0,Bootstrapped,0.0,18309,55.16,2063641.21,54884,37.6,0,2.48,9.41,0.2,0.6,0.5,0
FT004,TrustBank,5,2020,1,2020-12-26,Zambia,Digital Banking,3.1,0,0,0,51068.37,-54.99,13893.44,27.21,0,0.0,Bootstrapped,0.0,21244,80.04,2394417.83,88396,27.09,0,2.96,8.53,0.2,0.6,0.5,1
FT004,TrustBank,6,2021,2,2021-03-26,Zambia,Digital Banking,3.35,0,0,0,28704.9,-64.61,10640.88,37.07,0,0.0,Bootstrapped,0.0,16705,41.57,1882870.95,36535,51.54,0,1.88,9.95,0.2,0.6,0.5,2
FT004,TrustBank,7,2021,3,2021-06-24,Zambia,Digital Banking,3.6,0,0,0,47406.13,-63.72,12478.3,26.32,0,0.0,Bootstrapped,0.0,17122,45.1,1929920.24,37766,51.1,0,2.07,15.73,0.2,0.6,0.5,3
FT004,TrustBank,8,2021,4,2021-09-22,Zambia,Digital Banking,3.85,0,0,0,58536.06,-53.95,19172.01,32.75,0,0.0,Bootstrapped,0.0,21735,84.2,2449829.59,147721,16.58,0,1.59,16.9,0.2,0.6,0.5,0
FT004,TrustBank,9,2021,1,2021-12-21,Zambia,Digital Banking,4.1,0,0,0,67486.85,-53.8,12973.86,19.22,0,0.0,Bootstrapped,0.0,21805,84.79,2457739.03,125957,19.51,0,3.69,16.09,0.2,0.6,0.5,1
FT004,TrustBank,10,2022,2,2022-03-21,Zambia,Digital Banking,4.35,0,0,0,53570.63,-49.11,13833.25,25.82,0,0.0,Bootstrapped,0.0,24018,103.55,2707159.61,84015,32.22,0,1.2,14.38,0.2,0.6,0.5,2
FT004,TrustBank,11,2022,3,2022-06-19,Zambia,Digital Banking,4.6,0,0,0,69502.38,-45.45,17768.35,25.57,0,0.0,Bootstrapped,0.0,25748,118.21,2902171.43,51066,56.83,0,3.9,11.62,0.2,0.6,0.5,3
FT004,TrustBank,12,2022,4,2022-09-17,Zambia,Digital Banking,4.85,0,0,0,87409.16,-38.9,23635.16,27.04,0,6164563.85,Series C,6164563.85,28839,144.4,3250500.07,206840,15.72,0,2.21,7.4,0.2,0.6,0.5,0
FT004,TrustBank,13,2022,1,2022-12-16,Zambia,Digital Banking,5.1,0,0,0,95072.55,-27.04,40298.46,42.39,0,0.0,Bootstrapped,0.0,34435,191.83,3881251.16,153000,25.37,0,3.56,9.76,0.2,0.6,0.5,1
FT004,TrustBank,14,2023,2,2023-03-16,Zambia,Digital Banking,5.35,0,0,0,98034.62,-33.52,32374.51,33.02,0,8765939.3,Series C,8765939.3,31378,165.92,3536659.31,180591,19.58,0,1.63,16.39,0.2,0.6,0.5,2
FT004,TrustBank,15,2023,3,2023-06-14,Zambia,Digital Banking,5.6,0,0,0,115465.81,-27.55,31917.06,27.64,0,0.0,Bootstrapped,0.0,34195,189.79,3854168.52,209048,18.44,0,3.31,13.45,0.2,0.6,0.5,3
FT004,TrustBank,16,2023,4,2023-09-12,Zambia,Digital Banking,5.85,0,0,0,128276.78,-18.76,33710.11,26.28,0,0.0,Bootstrapped,0.0,38343,224.95,4321750.85,277682,15.56,0,4.14,8.81,0.2,0.6,0.5,0
FT005,SwiftAfrica,1,2020,1,2020-01-01,Nigeria,Digital Lending,2.7,0,0,0,76457.65,0.0,22851.72,29.89,0,0.0,Seed,0.0,33648,8.58,7052076.18,125904,56.01,0,2.01,12.39,1.0,0.7,0.6,1
FT005,SwiftAfrica,2,2020,2,2020-03-31,Nigeria,Digital Lending,2.95,0,0,0,203023.68,-73.05,65952.0,32.48,0,0.0,Seed,0.0,33404,7.79,7001004.11,110551,63.33,0,8.38,15.17,1.0,0.7,0.6,2
FT005,SwiftAfrica,3,2020,3,2020-06-29,Nigeria,Digital Lending,3.2,0,0,0,283683.2,-63.39,75209.89,26.51,0,0.0,Seed,0.0,45386,46.45,9512109.96,122632,77.57,0,6.92,10.63,1.0,0.7,0.6,3
FT005,SwiftAfrica,4,2020,4,2020-09-27,Nigeria,Digital Lending,3.45,0,0,0,119034.28,-66.14,49829.55,41.86,0,0.0,Seed,0.0,41976,35.45,8797438.68,142047,61.93,0,2.41,5.86,1.0,0.7,0.6,0
FT005,SwiftAfrica,5,2020,1,2020-12-26,Nigeria,Digital Lending,3.7,0,0,0,261956.66,-57.85,80172.93,30.61,0,0.0,Seed,0.0,52252,68.61,10951176.62,376442,29.09,0,3.63,10.89,1.0,0.7,0.6,1
FT005,SwiftAfrica,6,2021,2,2021-03-26,Nigeria,Digital Lending,3.95,0,0,0,216407.92,-61.44,66266.37,30.62,0,0.0,Seed,0.0,47800,54.24,10018085.61,265655,37.71,0,2.85,14.58,1.0,0.7,0.6,2
FT005,SwiftAfrica,7,2021,3,2021-06-24,Nigeria,Digital Lending,4.2,0,0,0,138768.14,-54.5,47704.55,34.38,0,0.0,Seed,0.0,56400,81.99,11820380.9,269289,43.89,0,3.01,10.46,1.0,0.7,0.6,3
FT005,SwiftAfrica,8,2021,4,2021-09-22,Nigeria,Digital Lending,4.45,0,0,0,218254.36,-41.67,75979.16,34.81,0,0.0,Seed,0.0,72300,133.3,15152697.3,179757,84.3,0,3.0,10.3,1.0,0.7,0.6,0
FT005,SwiftAfrica,9,2021,1,2021-12-21,Nigeria,Digital Lending,4.7,0,0,0,435735.94,-28.81,145295.26,33.34,0,0.0,Seed,0.0,88245,184.75,18494480.78,396708,46.62,0,6.41,12.16,1.0,0.7,0.6,1
FT005,SwiftAfrica,10,2022,2,2022-03-21,Nigeria,Digital Lending,4.95,0,0,0,465759.74,-34.44,88925.06,19.09,0,0.0,Seed,0.0,81268,162.24,17032169.82,577286,29.5,0,6.76,11.75,1.0,0.7,0.6,2
FT005,SwiftAfrica,11,2022,3,2022-06-19,Nigeria,Digital Lending,5.2,0,0,0,417300.18,-41.46,137286.41,32.9,0,0.0,Seed,0.0,72571,134.17,15209466.92,475826,31.96,0,4.8,13.06,1.0,0.7,0.6,3
FT005,SwiftAfrica,12,2022,4,2022-09-17,Nigeria,Digital Lending,5.45,0,0,0,547956.34,-19.98,127169.5,23.21,0,3226862.27,Series C,3226862.27,99188,220.06,20787938.2,294048,70.7,0,6.17,15.55,1.0,0.7,0.6,0
FT005,SwiftAfrica,13,2022,1,2022-12-16,Nigeria,Digital Lending,5.7,0,0,0,430330.63,-20.36,138839.63,32.26,0,0.0,Seed,0.0,98717,218.54,20689263.4,630252,32.83,0,4.54,15.36,1.0,0.7,0.6,1
FT005,SwiftAfrica,14,2023,2,2023-03-16,Nigeria,Digital Lending,5.95,0,0,0,581577.95,-1.18,170456.1,29.31,0,0.0,Seed,0.0,122502,295.29,25673967.24,496284,51.73,0,5.64,5.96,1.0,0.7,0.6,2
FT005,SwiftAfrica,15,2023,3,2023-06-14,Nigeria,Digital Lending,6.2,0,0,0,565586.04,0.59,173431.47,30.66,0,8779599.66,Series C,8779599.66,124687,302.34,26132021.95,269784,96.86,0,6.68,15.42,1.0,0.7,0.6,3
FT005,SwiftAfrica,16,2023,4,2023-09-12,Nigeria,Digital Lending,6.45,0,0,0,325413.88,-0.6,111756.88,34.34,0,3574297.08,Series C,3574297.08,123212,297.59,25822963.62,800620,32.25,0,2.61,13.34,1.0,0.7,0.6,0
FT006,CashCash,1,2020,1,2020-01-01,Ghana,Investment Platform,2.0,0,0,0,269403.41,0.0,85430.42,31.71,0,0.0,Series A,0.0,41503,-1.06,10403206.1,136126,76.42,0,7.66,15.64,0.3,0.65,0.6,1
FT006,CashCash,2,2020,2,2020-03-31,Ghana,Investment Platform,2.25,0,0,0,263296.24,-78.43,100927.1,38.33,0,0.0,Series A,0.0,36200,-13.7,9073776.84,131751,68.87,0,6.69,15.43,0.3,0.65,0.6,2
FT006,CashCash,3,2020,3,2020-06-29,Ghana,Investment Platform,2.5,0,0,0,169689.6,-77.82,46696.75,27.52,0,0.0,Series A,0.0,37224,-11.26,9330433.03,264792,35.24,0,2.42,15.6,0.3,0.65,0.6,3
FT006,CashCash,4,2020,4,2020-09-27,Ghana,Investment Platform,2.75,0,0,0,326802.27,-71.52,69190.36,21.17,0,0.0,Series A,0.0,47780,13.9,11976409.66,201209,59.52,0,9.36,17.3,0.3,0.65,0.6,0
FT006,CashCash,5,2020,1,2020-12-26,Ghana,Investment Platform,3.0,0,0,0,354402.62,-62.59,165593.13,46.72,0,0.0,Series A,0.0,62771,49.64,15734160.35,453379,34.7,0,6.3,17.57,0.3,0.65,0.6,1
FT006,CashCash,6,2021,2,2021-03-26,Ghana,Investment Platform,3.25,0,0,0,183593.81,-64.64,62027.13,33.78,0,0.0,Series A,0.0,59326,41.43,14870514.45,290052,51.27,0,2.17,13.43,0.3,0.65,0.6,2
FT006,CashCash,7,2021,3,2021-06-24,Ghana,Investment Platform,3.5,0,0,0,354121.46,-67.56,122838.92,34.69,0,1188245.43,Series A,1188245.43,54439,29.78,13645677.6,177066,77.07,0,5.81,13.28,0.3,0.65,0.6,3
FT006,CashCash,8,2021,4,2021-09-22,Ghana,Investment Platform,3.75,0,0,0,232316.97,-65.11,43903.06,18.9,0,0.0,Series A,0.0,58537,39.55,14672726.2,327814,44.76,0,2.14,13.28,0.3,0.65,0.6,0
FT006,CashCash,9,2021,1,2021-12-21,Ghana,Investment Platform,4.0,0,0,0,227911.9,-57.83,63038.43,27.66,0,0.0,Series A,0.0,70760,68.69,17736457.76,616459,28.77,0,3.41,6.91,0.3,0.65,0.6,1
FT006,CashCash,10,2022,2,2022-03-21,Ghana,Investment Platform,4.25,0,0,0,340220.13,-60.26,140273.21,41.23,0,1246495.72,Series B,1246495.72,66684,58.97,16714957.17,263986,63.32,0,4.58,8.57,0.3,0.65,0.6,2
FT006,CashCash,11,2022,3,2022-06-19,Ghana,Investment Platform,4.5,0,0,0,272372.31,-53.75,121366.36,44.56,0,0.0,Series A,0.0,77600,84.99,19450990.37,475157,40.94,0,4.23,7.2,0.3,0.65,0.6,3
FT006,CashCash,12,2022,4,2022-09-17,Ghana,Investment Platform,4.75,0,0,0,226331.16,-51.25,56566.64,24.99,0,0.0,Series A,0.0,81793,94.99,20502077.42,623039,32.91,0,3.36,17.64,0.3,0.65,0.6,0
FT006,CashCash,13,2022,1,2022-12-16,Ghana,Investment Platform,5.0,0,0,0,687109.3,-41.44,155988.91,22.7,0,0.0,Series A,0.0,98265,134.26,24630810.64,268141,91.86,0,8.0,13.91,0.3,0.65,0.6,1
FT006,CashCash,14,2023,2,2023-03-16,Ghana,Investment Platform,5.25,0,0,0,234664.51,-52.04,102902.48,43.85,0,0.0,Series A,0.0,80480,91.86,20173006.58,514229,39.23,0,4.0,9.74,0.3,0.65,0.6,2
FT006,CashCash,15,2023,3,2023-06-14,Ghana,Investment Platform,5.5,0,0,0,423839.35,-49.52,103877.49,24.51,0,0.0,Series A,0.0,84698,101.91,21230272.93,453729,46.79,0,7.49,19.98,0.3,0.65,0.6,3
FT006,CashCash,16,2023,4,2023-09-12,Ghana,Investment Platform,5.75,0,0,0,310946.09,-47.16,108680.22,34.95,0,2947987.44,Series C,2947987.44,88667,111.37,22224962.0,523308,42.47,0,3.38,18.54,0.3,0.65,0.6,0
FT007,LinkDigital,1,2020,1,2020-01-01,Tanzania,Insurance Tech,2.8,0,0,0,402930.76,0.0,128362.4,31.86,0,0.0,Series B,0.0,35247,-4.84,13542529.59,163858,82.65,0,10.73,15.66,0.25,0.6,0.6,1
FT007,LinkDigital,2,2020,2,2020-03-31,Tanzania,Insurance Tech,3.05,0,0,0,402135.37,-74.28,94709.09,23.55,0,0.0,Series B,0.0,38103,2.87,14639892.46,187467,78.09,0,11.53,18.05,0.25,0.6,0.6,2
FT007,LinkDigital,3,2020,3,2020-06-29,Tanzania,Insurance Tech,3.3,0,0,0,399994.13,-71.51,132206.65,33.05,0,0.0,Series B,0.0,42212,13.96,16218875.62,219942,73.74,0,6.44,9.43,0.25,0.6,0.6,3
FT007,LinkDigital,4,2020,4,2020-09-27,Tanzania,Insurance Tech,3.55,0,0,0,216706.71,-72.05,49987.18,23.07,0,0.0,Series B,0.0,41412,11.8,15911457.11,324188,49.08,0,7.17,12.08,0.25,0.6,0.6,0
FT007,LinkDigital,5,2020,1,2020-12-26,Tanzania,Insurance Tech,3.8,0,0,0,219281.89,-70.97,49974.61,22.79,0,0.0,Series B,0.0,43006,16.11,16524038.97,262916,62.85,0,5.9,10.55,0.25,0.6,0.6,1
FT007,LinkDigital,6,2021,2,2021-03-26,Tanzania,Insurance Tech,4.05,0,0,0,265630.38,-63.02,57184.34,21.53,0,0.0,Series B,0.0,54793,47.93,21052580.87,363871,57.86,0,2.78,8.56,0.25,0.6,0.6,2
FT007,LinkDigital,7,2021,3,2021-06-24,Tanzania,Insurance Tech,4.3,0,0,0,289688.32,-72.67,94678.3,32.68,0,0.0,Series B,0.0,40497,9.33,15559791.68,254157,61.22,0,4.77,8.53,0.25,0.6,0.6,3
FT007,LinkDigital,8,2021,4,2021-09-22,Tanzania,Insurance Tech,4.55,0,0,0,589681.44,-58.11,160577.87,27.23,0,0.0,Series B,0.0,62065,67.56,23846670.85,137786,173.07,0,12.41,13.87,0.25,0.6,0.6,0
FT007,LinkDigital,9,2021,1,2021-12-21,Tanzania,Insurance Tech,4.8,0,0,0,406052.18,-53.67,155253.53,38.23,0,0.0,Series B,0.0,68647,85.33,26375601.68,201730,130.75,0,3.19,7.95,0.25,0.6,0.6,1
FT007,LinkDigital,10,2022,2,2022-03-21,Tanzania,Insurance Tech,5.05,0,0,0,782658.55,-52.06,262442.49,33.53,0,1909260.41,Series B,1909260.41,71031,91.77,27291728.21,334782,81.52,0,16.38,18.72,0.25,0.6,0.6,2
FT007,LinkDigital,11,2022,3,2022-06-19,Tanzania,Insurance Tech,5.3,0,0,0,557922.96,-51.75,150001.96,26.89,0,0.0,Series B,0.0,71490,93.0,27467759.99,304232,90.29,0,4.14,10.32,0.25,0.6,0.6,3
FT007,LinkDigital,12,2022,4,2022-09-17,Tanzania,Insurance Tech,5.55,0,0,0,431750.27,-45.97,73972.25,17.13,0,0.0,Series B,0.0,80053,116.12,30757864.54,498576,61.69,0,6.32,12.06,0.25,0.6,0.6,0
FT007,LinkDigital,13,2022,1,2022-12-16,Tanzania,Insurance Tech,5.8,0,0,0,912803.39,-40.08,159218.06,17.44,0,0.0,Series B,0.0,88772,139.66,34107800.45,601104,56.74,0,11.49,17.49,0.25,0.6,0.6,1
FT007,LinkDigital,14,2023,2,2023-03-16,Tanzania,Insurance Tech,6.05,0,0,0,364288.93,-39.67,64080.21,17.59,0,0.0,Series B,0.0,89381,141.31,34341800.1,484772,70.84,0,2.92,14.81,0.25,0.6,0.6,2
FT007,LinkDigital,15,2023,3,2023-06-14,Tanzania,Insurance Tech,6.3,0,0,0,866505.2,-34.27,251697.97,29.05,0,0.0,Series B,0.0,97389,162.93,37418867.65,231357,161.74,0,8.07,17.52,0.25,0.6,0.6,3
FT007,LinkDigital,16,2023,4,2023-09-12,Tanzania,Insurance Tech,6.55,0,0,0,717997.5,-40.9,126803.42,17.66,0,0.0,Series B,0.0,87567,136.41,33645105.89,586200,57.4,0,6.78,14.92,0.25,0.6,0.6,0
FT008,SmartPro,1,2020,1,2020-01-01,Kenya,Digital Banking,3.7,0,0,0,373441.93,0.0,145623.85,39.0,0,0.0,Bootstrapped,0.0,76600,17.13,30106133.23,581984,51.73,0,4.22,9.41,0.4,0.8,0.7,1
FT008,SmartPro,2,2020,2,2020-03-31,Kenya,Digital Banking,3.95,0,0,0,625864.37,-65.74,227033.83,36.28,0,0.0,Bootstrapped,0.0,89606,37.02,35217976.92,553120,63.67,0,5.08,6.02,0.4,0.8,0.7,2
FT008,SmartPro,3,2020,3,2020-06-29,Kenya,Digital Banking,4.2,0,0,0,686025.47,-65.37,172450.42,25.14,0,0.0,Bootstrapped,0.0,90581,38.51,35600919.32,466061,76.39,0,7.42,5.52,0.4,0.8,0.7,3
FT008,SmartPro,4,2020,4,2020-09-27,Kenya,Digital Banking,4.45,0,0,0,722743.8,-60.07,219859.36,30.42,0,0.0,Bootstrapped,0.0,104460,59.73,41055862.08,422800,97.1,0,7.67,13.28,0.4,0.8,0.7,0
FT008,SmartPro,5,2020,1,2020-12-26,Kenya,Digital Banking,4.7,0,0,0,494353.81,-53.61,227072.44,45.93,0,0.0,Bootstrapped,0.0,121355,85.57,47696133.82,1032301,46.2,0,5.7,7.81,0.4,0.8,0.7,1
FT008,SmartPro,6,2021,2,2021-03-26,Kenya,Digital Banking,4.95,0,0,0,546255.6,-52.58,132624.45,24.28,0,0.0,Bootstrapped,0.0,124035,89.67,48749544.42,937978,51.97,0,4.34,7.95,0.4,0.8,0.7,2
FT008,SmartPro,7,2021,3,2021-06-24,Kenya,Digital Banking,5.2,0,0,0,830915.41,-61.11,262296.48,31.57,0,0.0,Bootstrapped,0.0,101723,55.55,39980098.92,624206,64.05,0,6.31,9.59,0.4,0.8,0.7,3
FT008,SmartPro,8,2021,4,2021-09-22,Kenya,Digital Banking,5.45,0,0,0,655692.71,-53.18,214731.99,32.75,0,0.0,Bootstrapped,0.0,122462,87.26,48131346.39,334482,143.9,0,6.47,6.37,0.4,0.8,0.7,0
FT008,SmartPro,9,2021,1,2021-12-21,Kenya,Digital Banking,5.7,0,0,0,1080130.65,-46.59,247086.56,22.88,0,6514938.07,Series B,6514938.07,139710,113.64,54910041.6,1195263,45.94,0,11.22,11.57,0.4,0.8,0.7,1
FT008,SmartPro,10,2022,2,2022-03-21,Kenya,Digital Banking,5.95,0,0,0,1883533.55,-33.82,775968.88,41.2,0,0.0,Bootstrapped,0.0,173108,164.71,68036582.74,1197064,56.84,0,9.91,14.07,0.4,0.8,0.7,2
FT008,SmartPro,11,2022,3,2022-06-19,Kenya,Digital Banking,6.2,0,0,0,1603107.67,-39.12,449697.24,28.05,0,0.0,Bootstrapped,0.0,159265,143.54,62595694.04,490393,127.64,0,11.75,6.25,0.4,0.8,0.7,3
FT008,SmartPro,12,2022,4,2022-09-17,Kenya,Digital Banking,6.45,0,0,0,1606409.64,-17.92,560758.19,34.91,0,0.0,Bootstrapped,0.0,214719,228.34,84390848.42,1233164,68.43,0,10.2,7.53,0.4,0.8,0.7,0
FT008,SmartPro,13,2022,1,2022-12-16,Kenya,Digital Banking,6.7,0,0,0,1557071.22,3.46,471673.52,30.29,0,0.0,Bootstrapped,0.0,270629,313.83,106365010.81,1571868,67.67,0,8.56,6.68,0.4,0.8,0.7,1
FT008,SmartPro,14,2023,2,2023-03-16,Kenya,Digital Banking,6.95,0,0,0,1987581.55,6.89,538317.63,27.08,0,0.0,Bootstrapped,0.0,279607,327.56,109893856.96,1725417,63.69,0,10.6,6.6,0.4,0.8,0.7,2
FT008,SmartPro,15,2023,3,2023-06-14,Kenya,Digital Banking,7.2,0,0,0,1489700.4,-6.42,695666.96,46.7,0,0.0,Bootstrapped,0.0,244801,274.33,96213903.71,1205226,79.83,0,4.21,8.65,0.4,0.8,0.7,3
FT008,SmartPro,16,2023,4,2023-09-12,Kenya,Digital Banking,7.45,0,0,0,1843331.08,4.85,704711.51,38.23,0,0.0,Bootstrapped,0.0,274274,319.4,107797605.18,921543,116.98,0,8.74,7.7,0.4,0.8,0.7,0
FT009,Connect,1,2020,1,2020-01-01,Ethiopia,Investment Platform,3.8,0,0,0,515624.17,0.0,86250.9,16.73,0,0.0,Seed,0.0,69388,23.24,30949759.22,301185,102.76,0,7.86,15.11,0.5,0.55,0.5,1
FT009,Connect,2,2020,2,2020-03-31,Ethiopia,Investment Platform,4.05,0,0,0,390944.67,-65.26,76631.25,19.6,0,0.0,Seed,0.0,78237,38.96,34896903.75,374851,93.1,0,5.95,8.6,0.5,0.55,0.5,2
FT009,Connect,3,2020,3,2020-06-29,Ethiopia,Investment Platform,4.3,0,0,0,633495.96,-74.9,188467.17,29.75,0,0.0,Seed,0.0,56532,0.41,25215509.25,239243,105.4,0,15.99,9.02,0.5,0.55,0.5,3
FT009,Connect,4,2020,4,2020-09-27,Ethiopia,Investment Platform,4.55,0,0,0,434415.92,-66.86,50437.04,11.61,0,0.0,Seed,0.0,74641,32.57,33292861.38,328114,101.47,0,7.81,12.53,0.5,0.55,0.5,0
FT009,Connect,5,2020,1,2020-12-26,Ethiopia,Investment Platform,4.8,0,0,0,451790.63,-64.17,80590.8,17.84,0,0.0,Seed,0.0,80681,43.3,35987010.33,579675,62.08,0,3.0,9.86,0.5,0.55,0.5,1
FT009,Connect,6,2021,2,2021-03-26,Ethiopia,Investment Platform,5.05,0,0,0,666170.28,-61.45,196573.45,29.51,0,0.0,Seed,0.0,86819,54.2,38724687.99,310697,124.64,0,6.18,11.01,0.5,0.55,0.5,2
FT009,Connect,7,2021,3,2021-06-24,Ethiopia,Investment Platform,5.3,0,0,0,1259515.9,-55.83,254643.51,20.22,0,0.0,Seed,0.0,99472,76.68,44368149.26,456046,97.29,0,8.97,17.56,0.5,0.55,0.5,3
FT009,Connect,8,2021,4,2021-09-22,Ethiopia,Investment Platform,5.55,0,0,0,1014848.08,-61.66,251966.97,24.83,0,0.0,Seed,0.0,86351,53.37,38515629.03,232992,165.31,0,15.35,15.84,0.5,0.55,0.5,0
FT009,Connect,9,2021,1,2021-12-21,Ethiopia,Investment Platform,5.8,0,0,0,654177.65,-51.65,190882.39,29.18,0,0.0,Seed,0.0,108878,93.39,48563759.07,529111,91.78,0,6.86,16.23,0.5,0.55,0.5,1
FT009,Connect,10,2022,2,2022-03-21,Ethiopia,Investment Platform,6.05,0,0,0,1324593.77,-51.59,288809.36,21.8,0,0.0,Seed,0.0,109018,93.63,48626273.39,304721,159.58,0,15.37,8.28,0.5,0.55,0.5,2
FT009,Connect,11,2022,3,2022-06-19,Ethiopia,Investment Platform,6.3,0,0,0,622479.27,-64.28,299538.99,48.12,0,0.0,Seed,0.0,80433,42.86,35876344.3,208355,172.19,0,11.32,12.88,0.5,0.55,0.5,3
FT009,Connect,12,2022,4,2022-09-17,Ethiopia,Investment Platform,6.55,0,0,0,1071963.7,-42.78,360617.59,33.64,0,0.0,Seed,0.0,128864,128.88,57478077.03,1004486,57.22,0,5.04,14.0,0.5,0.55,0.5,0
FT009,Connect,13,2022,1,2022-12-16,Ethiopia,Investment Platform,6.8,0,0,0,924704.11,-29.41,306611.32,33.16,0,0.0,Seed,0.0,158978,182.37,70910188.96,1031978,68.71,0,3.25,18.35,0.5,0.55,0.5,1
FT009,Connect,14,2023,2,2023-03-16,Ethiopia,Investment Platform,7.05,0,0,0,1364616.65,-43.16,348561.57,25.54,0,0.0,Seed,0.0,128006,127.36,57095247.89,300389,190.07,0,6.62,9.86,0.5,0.55,0.5,2
FT009,Connect,15,2023,3,2023-06-14,Ethiopia,Investment Platform,7.3,0,0,0,1312898.05,-35.26,181004.76,13.79,0,0.0,Seed,0.0,145800,158.96,65032161.14,311483,208.78,0,7.26,13.8,0.5,0.55,0.5,3
FT009,Connect,16,2023,4,2023-09-12,Ethiopia,Investment Platform,7.55,0,0,0,1303761.32,-29.92,386613.58,29.65,0,0.0,Seed,0.0,157815,180.31,70391140.73,814680,86.4,0,5.74,10.65,0.5,0.55,0.5,0
FT010,PlusTech,1,2020,1,2020-01-01,Ghana,Insurance Tech,4.5,0,0,0,270143.97,0.0,108028.61,39.99,0,0.0,Bootstrapped,0.0,34904,31.19,14743371.42,79330,185.85,0,9.75,6.74,0.3,0.65,0.6,1
FT010,PlusTech,2,2020,2,2020-03-31,Ghana,Insurance Tech,4.75,0,0,0,207937.55,-67.66,93433.73,44.93,0,0.0,Bootstrapped,0.0,34415,29.35,14536982.98,179366,81.05,0,7.86,15.44,0.3,0.65,0.6,2
FT010,PlusTech,3,2020,3,2020-06-29,Ghana,Insurance Tech,5.0,0,0,0,229106.09,-73.3,71369.31,31.15,0,0.0,Bootstrapped,0.0,28416,6.81,12002909.42,135231,88.76,0,5.24,8.72,0.3,0.65,0.6,3
FT010,PlusTech,4,2020,4,2020-09-27,Ghana,Insurance Tech,5.25,0,0,0,315939.0,-63.99,109291.86,34.59,0,0.0,Bootstrapped,0.0,38317,44.02,16185099.17,246153,65.75,0,10.6,14.72,0.3,0.65,0.6,0
FT010,PlusTech,5,2020,1,2020-12-26,Ghana,Insurance Tech,5.5,0,0,0,329276.72,-51.47,106731.89,32.41,0,0.0,Bootstrapped,0.0,51648,94.13,21815922.73,262794,83.02,0,6.13,12.03,0.3,0.65,0.6,1
FT010,PlusTech,6,2021,2,2021-03-26,Ghana,Insurance Tech,5.75,0,0,0,483462.21,-61.45,120807.22,24.99,0,0.0,Bootstrapped,0.0,41020,54.18,17326932.33,244320,70.92,0,12.0,6.88,0.3,0.65,0.6,2
FT010,PlusTech,7,2021,3,2021-06-24,Ghana,Insurance Tech,6.0,0,0,0,210443.43,-56.79,71503.82,33.98,0,0.0,Bootstrapped,0.0,45988,72.85,19425323.91,251702,77.18,0,2.61,5.42,0.3,0.65,0.6,3
FT010,PlusTech,8,2021,4,2021-09-22,Ghana,Insurance Tech,6.25,0,0,0,680489.42,-38.84,251810.08,37.0,0,0.0,Bootstrapped,0.0,65091,144.65,27494336.27,503739,54.58,0,13.33,12.28,0.3,0.65,0.6,0
FT010,PlusTech,9,2021,1,2021-12-21,Ghana,Insurance Tech,6.5,0,0,0,626778.26,-39.91,184345.63,29.41,0,1280630.84,Series B,1280630.84,63943,140.34,27009255.71,182199,148.24,0,14.39,8.41,0.3,0.65,0.6,1
FT010,PlusTech,10,2022,2,2022-03-21,Ghana,Insurance Tech,6.75,0,0,0,606477.01,-40.02,231962.06,38.25,0,0.0,Bootstrapped,0.0,63833,139.93,26962596.99,422276,63.85,0,10.59,13.48,0.3,0.65,0.6,2
FT010,PlusTech,11,2022,3,2022-06-19,Ghana,Insurance Tech,7.0,0,0,0,854225.52,-35.3,240629.14,28.17,0,0.0,Bootstrapped,0.0,68858,158.81,29085190.72,139543,208.43,0,13.67,11.45,0.3,0.65,0.6,3
FT010,PlusTech,12,2022,4,2022-09-17,Ghana,Insurance Tech,7.25,0,0,0,1081464.39,-8.3,371034.35,34.31,0,0.0,Bootstrapped,0.0,97590,266.81,41221576.98,633206,65.1,0,15.83,7.66,0.3,0.65,0.6,0
FT010,PlusTech,13,2022,1,2022-12-16,Ghana,Insurance Tech,7.5,0,0,0,814564.41,-18.59,214431.06,26.32,0,0.0,Bootstrapped,0.0,86637,225.64,36595176.47,441855,82.82,0,6.56,14.67,0.3,0.65,0.6,1
FT010,PlusTech,14,2023,2,2023-03-16,Ghana,Insurance Tech,7.75,0,0,0,514296.79,-27.21,84620.65,16.45,0,0.0,Bootstrapped,0.0,77463,191.16,32719961.16,455084,71.9,0,9.42,7.96,0.3,0.65,0.6,2
FT010,PlusTech,15,2023,3,2023-06-14,Ghana,Insurance Tech,8.0,0,0,0,962834.01,-12.82,205544.02,21.35,0,0.0,Bootstrapped,0.0,92775,248.71,39187680.88,588823,66.55,0,10.85,15.7,0.3,0.65,0.6,3
FT010,PlusTech,16,2023,4,2023-09-12,Ghana,Insurance Tech,8.25,0,0,0,617290.69,26.41,272034.62,44.07,0,0.0,Bootstrapped,0.0,134525,405.63,56822582.34,1025662,55.4,0,6.05,7.55,0.3,0.65,0.6,0
FT011,SwiftPro,1,2020,1,2020-01-01,Kenya,Digital Banking,1.4,0,0,0,452962.85,0.0,148338.95,32.75,0,0.0,Series A,0.0,52438,23.54,22460361.56,319677,70.26,0,11.86,12.54,0.4,0.8,0.7,1
FT011,SwiftPro,2,2020,2,2020-03-31,Kenya,Digital Banking,1.65,0,0,0,333371.94,-65.27,135289.73,40.58,0,0.0,Series A,0.0,58958,38.91,25252708.9,387161,65.23,0,6.93,16.46,0.4,0.8,0.7,2
FT011,SwiftPro,3,2020,3,2020-06-29,Kenya,Digital Banking,1.9,0,0,0,291714.77,-71.51,70702.54,24.24,0,0.0,Series A,0.0,48369,13.96,20717329.73,296036,69.98,0,4.15,9.44,0.4,0.8,0.7,3
FT011,SwiftPro,4,2020,4,2020-09-27,Kenya,Digital Banking,2.15,0,0,0,494141.03,-67.77,171346.33,34.68,0,7584470.94,Series A,7584470.94,54717,28.91,23436188.84,366754,63.9,0,6.34,16.09,0.4,0.8,0.7,0
FT011,SwiftPro,5,2020,1,2020-12-26,Kenya,Digital Banking,2.4,0,0,0,422896.18,-63.91,53032.44,12.54,0,0.0,Series A,0.0,61279,44.37,26247142.67,195030,134.58,0,6.55,13.48,0.4,0.8,0.7,1
FT011,SwiftPro,6,2021,2,2021-03-26,Kenya,Digital Banking,2.65,0,0,0,591141.08,-62.81,200497.61,33.92,0,0.0,Series A,0.0,63133,48.74,27041038.78,461955,58.54,0,4.71,12.35,0.4,0.8,0.7,2
FT011,SwiftPro,7,2021,3,2021-06-24,Kenya,Digital Banking,2.9,0,0,0,724548.96,-54.22,199497.54,27.53,0,0.0,Series A,0.0,77725,83.12,33291097.49,178934,186.05,0,10.07,11.71,0.4,0.8,0.7,3
FT011,SwiftPro,8,2021,4,2021-09-22,Kenya,Digital Banking,3.15,0,0,0,750867.11,-53.21,152958.1,20.37,0,0.0,Series A,0.0,79432,87.14,34022451.18,426070,79.85,0,12.53,11.01,0.4,0.8,0.7,0
FT011,SwiftPro,9,2021,1,2021-12-21,Kenya,Digital Banking,3.4,0,0,0,1239104.41,-33.88,382271.63,30.85,0,0.0,Series A,0.0,112250,164.46,48078923.61,771235,62.34,0,9.14,10.31,0.4,0.8,0.7,1
FT011,SwiftPro,10,2022,2,2022-03-21,Kenya,Digital Banking,3.65,0,0,0,577324.34,-44.91,134644.92,23.32,0,0.0,Series A,0.0,93524,120.34,40057921.42,236765,169.19,0,8.85,12.61,0.4,0.8,0.7,2
FT011,SwiftPro,11,2022,3,2022-06-19,Kenya,Digital Banking,3.9,0,0,0,616191.94,-31.48,154084.07,25.01,0,0.0,Series A,0.0,116331,174.08,49826611.61,702932,70.88,0,5.68,12.0,0.4,0.8,0.7,3
FT011,SwiftPro,12,2022,4,2022-09-17,Kenya,Digital Banking,4.15,0,0,0,782483.56,-37.6,334792.17,42.79,0,8401121.91,Series C,8401121.91,105938,149.59,45375284.09,329134,137.86,0,5.71,11.23,0.4,0.8,0.7,0
FT011,SwiftPro,13,2022,1,2022-12-16,Kenya,Digital Banking,4.4,0,0,0,1169706.9,-13.49,183722.63,15.71,0,0.0,Series A,0.0,146879,246.05,62910683.12,574496,109.51,0,10.37,10.57,0.4,0.8,0.7,1
FT011,SwiftPro,14,2023,2,2023-03-16,Kenya,Digital Banking,4.65,0,0,0,753440.37,-18.22,254882.73,33.83,0,0.0,Series A,0.0,138842,227.11,59468365.59,680022,87.45,0,5.08,13.57,0.4,0.8,0.7,2
FT011,SwiftPro,15,2023,3,2023-06-14,Kenya,Digital Banking,4.9,0,0,0,706778.61,-23.51,154313.77,21.83,0,0.0,Series A,0.0,129859,205.95,55620844.66,661659,84.06,0,3.1,6.15,0.4,0.8,0.7,3
FT011,SwiftPro,16,2023,4,2023-09-12,Kenya,Digital Banking,5.15,0,0,0,1142635.74,3.14,307772.74,26.94,0,0.0,Series A,0.0,175116,312.57,75005068.6,646724,115.98,0,5.04,13.9,0.4,0.8,0.7,0
FT012,TechAfrica,1,2020,1,2020-01-01,South Africa,Investment Platform,1.9,0,0,0,411557.35,0.0,119706.99,29.09,0,0.0,Bootstrapped,0.0,91542,19.88,36572914.67,221700,164.97,0,4.1,9.2,0.8,0.9,0.75,1
FT012,TechAfrica,2,2020,2,2020-03-31,South Africa,Investment Platform,2.15,0,0,0,351407.56,-72.41,61342.82,17.46,0,0.0,Bootstrapped,0.0,84278,10.37,33671119.78,623572,54.0,0,5.99,6.0,0.8,0.9,0.75,2
FT012,TechAfrica,3,2020,3,2020-06-29,South Africa,Investment Platform,2.4,0,0,0,894128.87,-75.27,284206.97,31.79,0,0.0,Bootstrapped,0.0,75542,-1.07,30180605.64,434097,69.53,0,12.61,10.46,0.8,0.9,0.75,3
FT012,TechAfrica,4,2020,4,2020-09-27,South Africa,Investment Platform,2.65,0,0,0,911450.1,-66.31,371215.0,40.73,0,0.0,Bootstrapped,0.0,102900,34.76,41110855.99,805916,51.01,0,6.42,8.15,0.8,0.9,0.75,0
FT012,TechAfrica,5,2020,1,2020-12-26,South Africa,Investment Platform,2.9,0,0,0,654050.28,-56.41,119958.84,18.34,0,0.0,Bootstrapped,0.0,133146,74.37,53194811.3,752858,70.66,0,5.93,11.33,0.8,0.9,0.75,1
FT012,TechAfrica,6,2021,2,2021-03-26,South Africa,Investment Platform,3.15,0,0,0,1106355.83,-52.7,409247.48,36.99,0,0.0,Bootstrapped,0.0,144485,89.21,57724881.84,359818,160.43,0,10.34,12.69,0.8,0.9,0.75,2
FT012,TechAfrica,7,2021,3,2021-06-24,South Africa,Investment Platform,3.4,0,0,0,812690.57,-68.15,312922.32,38.5,0,0.0,Bootstrapped,0.0,97288,27.41,38868652.87,517110,75.17,0,8.01,5.99,0.8,0.9,0.75,3
FT012,TechAfrica,8,2021,4,2021-09-22,South Africa,Investment Platform,3.65,0,0,0,778870.87,-54.5,323491.99,41.53,0,0.0,Bootstrapped,0.0,138980,82.01,55525455.54,933621,59.47,0,7.04,11.07,0.8,0.9,0.75,0
FT012,TechAfrica,9,2021,1,2021-12-21,South Africa,Investment Platform,3.9,0,0,0,2099637.62,-37.23,760053.89,36.2,0,0.0,Bootstrapped,0.0,191722,151.07,76596770.61,1534780,49.91,0,13.93,5.72,0.8,0.9,0.75,1
FT012,TechAfrica,10,2022,2,2022-03-21,South Africa,Investment Platform,4.15,0,0,0,1384437.9,-41.15,291307.33,21.04,0,0.0,Bootstrapped,0.0,179745,135.39,71812056.83,429811,167.08,0,4.66,12.56,0.8,0.9,0.75,2
FT012,TechAfrica,11,2022,3,2022-06-19,South Africa,Investment Platform,4.4,0,0,0,2030574.08,-43.19,720002.54,35.46,0,0.0,Bootstrapped,0.0,173527,127.25,69327635.57,1039132,66.72,0,15.13,11.7,0.8,0.9,0.75,3
FT012,TechAfrica,12,2022,4,2022-09-17,South Africa,Investment Platform,4.65,0,0,0,2543115.29,-19.72,604722.02,23.78,0,0.0,Bootstrapped,0.0,245217,221.13,97969317.76,1424096,68.79,0,6.82,12.98,0.8,0.9,0.75,0
FT012,TechAfrica,13,2022,1,2022-12-16,South Africa,Investment Platform,4.9,0,0,0,2777974.15,-19.05,688700.93,24.79,0,0.0,Bootstrapped,0.0,247246,223.79,98779912.53,1942706,50.85,0,7.89,7.43,0.8,0.9,0.75,1
FT012,TechAfrica,14,2023,2,2023-03-16,South Africa,Investment Platform,5.15,0,0,0,2669154.94,-5.25,1018321.21,38.15,0,0.0,Bootstrapped,0.0,289394,278.98,115618650.41,2131079,54.25,0,5.38,15.01,0.8,0.9,0.75,2
FT012,TechAfrica,15,2023,3,2023-06-14,South Africa,Investment Platform,5.4,0,0,0,1895813.75,-15.36,321518.52,16.96,0,0.0,Bootstrapped,0.0,258522,238.55,103284721.81,1815466,56.89,0,4.88,15.0,0.8,0.9,0.75,3
FT012,TechAfrica,16,2023,4,2023-09-12,South Africa,Investment Platform,5.65,0,0,0,1889919.6,16.93,728615.71,38.55,0,0.0,Bootstrapped,0.0,357160,367.73,142692861.71,1630413,87.52,0,6.45,15.09,0.8,0.9,0.75,0
FT013,InstantTech,1,2020,1,2020-01-01,Kenya,Digital Lending,2.1,0,0,0,98855.24,0.0,29170.34,29.51,0,0.0,Series A,0.0,12524,24.8,4749031.19,95255,49.86,0,10.43,10.07,0.4,0.8,0.7,1
FT013,InstantTech,2,2020,2,2020-03-31,Kenya,Digital Lending,2.35,0,0,0,88439.6,-70.78,23640.66,26.73,0,0.0,Series A,0.0,11730,16.89,4447721.53,48641,91.44,0,9.14,13.92,0.4,0.8,0.7,2
FT013,InstantTech,3,2020,3,2020-06-29,Kenya,Digital Lending,2.6,0,0,0,74937.68,-70.97,19496.13,26.02,0,0.0,Series A,0.0,11653,16.12,4418800.4,29909,147.74,0,7.21,8.95,0.4,0.8,0.7,3
FT013,InstantTech,4,2020,4,2020-09-27,Kenya,Digital Lending,2.85,0,0,0,103303.78,-65.06,18320.98,17.74,0,0.0,Series A,0.0,14024,39.75,5317880.16,98850,53.8,0,8.66,8.66,0.4,0.8,0.7,0
FT013,InstantTech,5,2020,1,2020-12-26,Kenya,Digital Lending,3.1,0,0,0,172309.78,-58.25,49479.76,28.72,0,0.0,Series A,0.0,16759,67.01,6354836.95,56213,113.05,0,11.75,12.54,0.4,0.8,0.7,1
FT013,InstantTech,6,2021,2,2021-03-26,Kenya,Digital Lending,3.35,0,0,0,109249.92,-55.43,49253.5,45.08,0,0.0,Series A,0.0,17889,78.27,6783091.45,90803,74.7,0,7.04,15.1,0.4,0.8,0.7,2
FT013,InstantTech,7,2021,3,2021-06-24,Kenya,Digital Lending,3.6,0,0,0,158395.28,-55.33,42212.92,26.65,0,0.0,Series A,0.0,17928,78.66,6798168.97,108600,62.6,0,9.37,6.42,0.4,0.8,0.7,3
FT013,InstantTech,8,2021,4,2021-09-22,Kenya,Digital Lending,3.85,0,0,0,161358.67,-44.8,35137.08,21.78,0,0.0,Series A,0.0,22155,120.78,8400961.97,103737,80.98,0,10.76,6.41,0.4,0.8,0.7,0
FT013,InstantTech,9,2021,1,2021-12-21,Kenya,Digital Lending,4.1,0,0,0,259549.16,-39.87,70681.52,27.23,0,0.0,Series A,0.0,24135,140.51,9151451.01,170957,53.53,0,15.17,13.17,0.4,0.8,0.7,1
FT013,InstantTech,10,2022,2,2022-03-21,Kenya,Digital Lending,4.35,0,0,0,99040.26,-37.19,16054.8,16.21,0,0.0,Series A,0.0,25212,151.24,9559749.82,172183,55.52,0,5.22,8.21,0.4,0.8,0.7,2
FT013,InstantTech,11,2022,3,2022-06-19,Kenya,Digital Lending,4.6,0,0,0,146581.84,-35.09,59184.7,40.38,0,0.0,Series A,0.0,26053,159.62,9878896.06,60476,163.35,0,6.18,8.37,0.4,0.8,0.7,3
FT013,InstantTech,12,2022,4,2022-09-17,Kenya,Digital Lending,4.85,0,0,0,342025.9,-9.62,105957.04,30.98,0,0.0,Series A,0.0,36278,261.52,13755943.24,137838,99.8,0,11.01,11.48,0.4,0.8,0.7,0
FT013,InstantTech,13,2022,1,2022-12-16,Kenya,Digital Lending,5.1,0,0,0,148442.59,-8.79,27365.56,18.44,0,0.0,Series A,0.0,36610,264.83,13881694.65,272532,50.94,0,4.14,5.92,0.4,0.8,0.7,1
FT013,InstantTech,14,2023,2,2023-03-16,Kenya,Digital Lending,5.35,0,0,0,302439.93,-9.59,138590.66,45.82,0,0.0,Series A,0.0,36289,261.63,13760047.42,253596,54.26,0,9.74,13.96,0.4,0.8,0.7,2
FT013,InstantTech,15,2023,3,2023-06-14,Kenya,Digital Lending,5.6,0,0,0,262138.16,-7.44,91667.48,34.97,0,0.0,Series A,0.0,37151,270.22,14086975.19,170679,82.53,0,7.78,14.62,0.4,0.8,0.7,3
FT013,InstantTech,16,2023,4,2023-09-12,Kenya,Digital Lending,5.85,0,0,0,410648.42,21.86,104879.22,25.54,0,0.0,Series A,0.0,48912,387.42,18546305.15,227943,81.36,0,6.19,10.63,0.4,0.8,0.7,0
FT014,FinanceTech,1,2020,1,2020-01-01,Rwanda,Insurance Tech,11.5,0,0,0,32248.66,0.0,8063.07,25.0,0,0.0,Bootstrapped,0.0,6568,46.92,1464980.89,55653,26.32,0,2.8,7.92,0.15,0.75,0.7,1
FT014,FinanceTech,2,2020,2,2020-03-31,Rwanda,Insurance Tech,11.75,0,0,0,22947.2,-70.42,10621.46,46.29,0,0.0,Bootstrapped,0.0,5289,18.31,1179812.48,22061,53.48,0,6.38,8.73,0.15,0.75,0.7,2
FT014,FinanceTech,3,2020,3,2020-06-29,Rwanda,Insurance Tech,12.0,0,0,0,15916.62,-74.44,5654.97,35.53,0,572808.31,Seed,572808.31,4570,2.23,1019403.05,23298,43.75,0,2.5,5.64,0.15,0.75,0.7,3
FT014,FinanceTech,4,2020,4,2020-09-27,Rwanda,Insurance Tech,12.25,0,0,0,24067.12,-64.03,5416.86,22.51,0,0.0,Bootstrapped,0.0,6431,43.86,1434512.49,17030,84.23,0,2.97,15.03,0.15,0.75,0.7,0
FT014,FinanceTech,5,2020,1,2020-12-26,Rwanda,Insurance Tech,12.5,0,0,0,19768.82,-59.62,6513.29,32.95,0,0.0,Bootstrapped,0.0,7219,61.48,1610262.71,45282,35.56,0,2.72,12.62,0.15,0.75,0.7,1
FT014,FinanceTech,6,2021,2,2021-03-26,Rwanda,Insurance Tech,12.75,0,0,0,21577.98,-57.16,7900.53,36.61,0,0.0,Bootstrapped,0.0,7660,71.35,1708499.69,60949,28.03,0,2.57,14.78,0.15,0.75,0.7,2
FT014,FinanceTech,7,2021,3,2021-06-24,Rwanda,Insurance Tech,13.0,0,0,0,49083.01,-53.52,7104.68,14.47,0,6545813.02,Series A,6545813.02,8312,85.93,1853881.42,28847,64.27,0,3.25,7.95,0.15,0.75,0.7,3
FT014,FinanceTech,8,2021,4,2021-09-22,Rwanda,Insurance Tech,13.25,0,0,0,53425.0,-39.32,18152.99,33.98,0,0.0,Bootstrapped,0.0,10850,142.71,2420058.83,25575,94.63,0,4.71,9.13,0.15,0.75,0.7,0
FT014,FinanceTech,9,2021,1,2021-12-21,Rwanda,Insurance Tech,13.5,0,0,0,28323.6,-37.81,11697.92,41.3,0,0.0,Bootstrapped,0.0,11120,148.75,2480141.86,79594,31.16,0,2.98,12.38,0.15,0.75,0.7,1
FT014,FinanceTech,10,2022,2,2022-03-21,Rwanda,Insurance Tech,13.75,0,0,0,49834.39,-42.87,18476.33,37.08,0,0.0,Bootstrapped,0.0,10215,128.5,2278329.52,42612,53.47,0,5.43,14.42,0.15,0.75,0.7,2
FT014,FinanceTech,11,2022,3,2022-06-19,Rwanda,Insurance Tech,14.0,0,0,0,26554.77,-41.23,9686.62,36.48,0,4509325.47,Series B,4509325.47,10509,135.08,2343989.71,70129,33.42,0,2.01,10.35,0.15,0.75,0.7,3
FT014,FinanceTech,12,2022,4,2022-09-17,Rwanda,Insurance Tech,14.25,0,0,0,34309.01,-20.89,12477.19,36.37,0,0.0,Bootstrapped,0.0,14145,216.41,3154914.93,77276,40.83,0,2.98,12.1,0.15,0.75,0.7,0
FT014,FinanceTech,13,2022,1,2022-12-16,Rwanda,Insurance Tech,14.5,0,0,0,90295.27,-3.49,34642.78,38.37,0,0.0,Bootstrapped,0.0,17257,286.03,3849012.81,86932,44.28,0,4.95,13.63,0.15,0.75,0.7,1
FT014,FinanceTech,14,2023,2,2023-03-16,Rwanda,Insurance Tech,14.75,0,0,0,107998.41,-0.26,24891.03,23.05,0,0.0,Bootstrapped,0.0,17834,298.93,3977659.24,123670,32.16,0,6.55,9.15,0.15,0.75,0.7,2
FT014,FinanceTech,15,2023,3,2023-06-14,Rwanda,Insurance Tech,15.0,0,0,0,73410.35,5.24,27934.26,38.05,0,0.0,Bootstrapped,0.0,18818,320.95,4197021.97,103826,40.42,0,5.42,8.88,0.15,0.75,0.7,3
FT014,FinanceTech,16,2023,4,2023-09-12,Rwanda,Insurance Tech,15.25,0,0,0,50043.06,19.4,12183.24,24.35,0,0.0,Bootstrapped,0.0,21351,377.61,4761944.12,62489,76.2,0,1.34,9.55,0.15,0.75,0.7,0
FT015,M-Plus,1,2020,1,2020-01-01,Tanzania,Mobile Money,9.4,0,0,0,184376.26,0.0,50066.42,27.15,0,0.0,Series A,0.0,17466,1.06,6195289.07,63542,97.5,214,5.57,10.56,0.25,0.6,0.6,1
FT015,M-Plus,2,2020,2,2020-03-31,Tanzania,Mobile Money,9.65,0,0,0,147195.3,-66.06,71538.33,48.6,0,0.0,Series A,0.0,23466,35.78,8323579.66,182661,45.57,173,3.28,13.19,0.25,0.6,0.6,2
FT015,M-Plus,3,2020,3,2020-06-29,Tanzania,Mobile Money,9.9,0,0,0,73664.73,-75.62,18123.21,24.6,0,0.0,Series A,0.0,16853,-2.49,5977931.72,112248,53.26,236,5.8,15.58,0.25,0.6,0.6,3
FT015,M-Plus,4,2020,4,2020-09-27,Tanzania,Mobile Money,10.15,0,0,0,250681.75,-65.02,86485.52,34.5,0,0.0,Series A,0.0,24184,39.93,8578319.99,90216,95.09,317,6.78,11.06,0.25,0.6,0.6,0
FT015,M-Plus,5,2020,1,2020-12-26,Tanzania,Mobile Money,10.4,0,0,0,233720.8,-49.32,90605.69,38.77,0,0.0,Series A,0.0,35032,102.7,12426123.03,269819,46.05,205,5.62,8.09,0.25,0.6,0.6,1
FT015,M-Plus,6,2021,2,2021-03-26,Tanzania,Mobile Money,10.65,0,0,0,232299.17,-55.22,73046.72,31.45,0,0.0,Series A,0.0,30958,79.13,10981243.69,241426,45.48,360,8.45,10.38,0.25,0.6,0.6,2
FT015,M-Plus,7,2021,3,2021-06-24,Tanzania,Mobile Money,10.9,0,0,0,244091.99,-55.59,92928.27,38.07,0,5017687.36,Series A,5017687.36,30703,77.65,10890541.6,149666,72.77,403,5.79,15.37,0.25,0.6,0.6,3
FT015,M-Plus,8,2021,4,2021-09-22,Tanzania,Mobile Money,11.15,0,0,0,343775.43,-42.64,75399.87,21.93,0,0.0,Series A,0.0,39651,129.42,14064449.35,295666,47.57,668,5.42,13.59,0.25,0.6,0.6,0
FT015,M-Plus,9,2021,1,2021-12-21,Tanzania,Mobile Money,11.4,0,0,0,214704.77,-32.52,45360.12,21.13,0,0.0,Series A,0.0,46648,169.91,16546401.58,393274,42.07,837,5.01,9.19,0.25,0.6,0.6,1
FT015,M-Plus,10,2022,2,2022-03-21,Tanzania,Mobile Money,11.65,0,0,0,210520.11,-38.96,56910.38,27.03,0,0.0,Series A,0.0,42199,144.17,14968230.8,156756,95.49,522,5.37,14.34,0.25,0.6,0.6,2
FT015,M-Plus,11,2022,3,2022-06-19,Tanzania,Mobile Money,11.9,0,0,0,386137.02,-37.74,74943.32,19.41,0,0.0,Series A,0.0,43044,149.06,15268032.16,269825,56.58,285,12.15,9.86,0.25,0.6,0.6,3
FT015,M-Plus,12,2022,4,2022-09-17,Tanzania,Mobile Money,12.15,0,0,0,536503.54,-21.47,166753.63,31.08,0,0.0,Series A,0.0,54287,214.11,19255879.56,384450,50.09,687,11.13,14.98,0.25,0.6,0.6,0
FT015,M-Plus,13,2022,1,2022-12-16,Tanzania,Mobile Money,12.4,0,0,0,551660.63,-8.0,184589.23,33.46,0,0.0,Series A,0.0,63599,267.99,22558987.89,428591,52.64,660,11.31,8.18,0.25,0.6,0.6,1
FT015,M-Plus,14,2023,2,2023-03-16,Tanzania,Mobile Money,12.65,0,0,0,631768.74,-11.61,188686.06,29.87,0,0.0,Series A,0.0,61103,253.55,21673800.1,199454,108.67,1064,8.22,5.4,0.25,0.6,0.6,2
FT015,M-Plus,15,2023,3,2023-06-14,Tanzania,Mobile Money,12.9,0,0,0,307137.46,-2.58,60054.54,19.55,0,0.0,Series A,0.0,67348,289.68,23888723.56,390522,61.17,1110,6.14,11.69,0.25,0.6,0.6,3
FT015,M-Plus,16,2023,4,2023-09-12,Tanzania,Mobile Money,13.15,0,0,0,564202.53,16.49,227351.91,40.3,0,0.0,Series A,0.0,80527,365.94,28563519.92,203864,140.11,482,5.95,6.42,0.25,0.6,0.6,0
FT016,ZapHub,1,2020,1,2020-01-01,Rwanda,Insurance Tech,1.3,0,0,0,227558.71,0.0,45438.83,19.97,0,0.0,Bootstrapped,0.0,23865,-2.73,11370837.02,64609,175.99,0,5.46,9.88,0.15,0.75,0.7,1
FT016,ZapHub,2,2020,2,2020-03-31,Rwanda,Insurance Tech,1.55,0,0,0,208100.42,-69.62,58913.76,28.31,0,0.0,Bootstrapped,0.0,29817,21.53,14207050.57,112462,126.33,0,6.32,15.39,0.15,0.75,0.7,2
FT016,ZapHub,3,2020,3,2020-06-29,Rwanda,Insurance Tech,1.8,0,0,0,303263.38,-71.57,55650.39,18.35,0,0.0,Bootstrapped,0.0,27904,13.73,13295473.64,84285,157.74,0,12.47,6.82,0.15,0.75,0.7,3
FT016,ZapHub,4,2020,4,2020-09-27,Rwanda,Insurance Tech,2.05,0,0,0,265531.99,-71.69,77789.48,29.3,0,0.0,Bootstrapped,0.0,27779,13.22,13235780.77,203674,64.99,0,5.47,12.94,0.15,0.75,0.7,0
FT016,ZapHub,5,2020,1,2020-12-26,Rwanda,Insurance Tech,2.3,0,0,0,559798.12,-54.09,159803.23,28.55,0,0.0,Bootstrapped,0.0,45051,83.62,21465334.83,343681,62.46,0,15.85,8.44,0.15,0.75,0.7,1
FT016,ZapHub,6,2021,2,2021-03-26,Rwanda,Insurance Tech,2.55,0,0,0,278878.82,-61.98,96860.97,34.73,0,0.0,Bootstrapped,0.0,37315,52.09,17779423.18,185835,95.67,0,9.33,8.95,0.15,0.75,0.7,2
FT016,ZapHub,7,2021,3,2021-06-24,Rwanda,Insurance Tech,2.8,0,0,0,300195.52,-58.64,103887.7,34.61,0,0.0,Bootstrapped,0.0,40587,65.43,19338269.35,83325,232.08,0,3.73,8.17,0.15,0.75,0.7,3
FT016,ZapHub,8,2021,4,2021-09-22,Rwanda,Insurance Tech,3.05,0,0,0,382288.75,-49.92,155811.24,40.76,0,0.0,Bootstrapped,0.0,49147,100.32,23416803.24,316773,73.92,0,10.44,8.9,0.15,0.75,0.7,0
FT016,ZapHub,9,2021,1,2021-12-21,Rwanda,Insurance Tech,3.3,0,0,0,813911.81,-38.27,188600.22,23.17,0,0.0,Bootstrapped,0.0,60578,146.91,28863284.67,306718,94.1,0,15.95,10.88,0.15,0.75,0.7,1
FT016,ZapHub,10,2022,2,2022-03-21,Rwanda,Insurance Tech,3.55,0,0,0,644079.55,-39.2,230809.72,35.84,0,0.0,Bootstrapped,0.0,59671,143.21,28430864.11,258130,110.14,0,13.09,12.76,0.15,0.75,0.7,2
FT016,ZapHub,11,2022,3,2022-06-19,Rwanda,Insurance Tech,3.8,0,0,0,334465.74,-40.92,71845.04,21.48,0,3920479.43,Series B,3920479.43,57980,136.32,27625133.97,197681,139.75,0,8.4,10.95,0.15,0.75,0.7,3
FT016,ZapHub,12,2022,4,2022-09-17,Rwanda,Insurance Tech,4.05,0,0,0,648245.14,-27.62,249238.6,38.45,0,0.0,Bootstrapped,0.0,71031,189.51,33843865.92,326485,103.66,0,5.04,13.87,0.15,0.75,0.7,0
FT016,ZapHub,13,2022,1,2022-12-16,Rwanda,Insurance Tech,4.3,0,0,0,637142.44,-4.31,174623.5,27.41,0,0.0,Bootstrapped,0.0,93908,282.76,44743522.46,733637,60.99,0,4.86,12.89,0.15,0.75,0.7,1
FT016,ZapHub,14,2023,2,2023-03-16,Rwanda,Insurance Tech,4.55,0,0,0,608076.63,-18.24,208176.17,34.24,0,0.0,Bootstrapped,0.0,80236,227.03,38229316.23,453053,84.38,0,6.18,12.53,0.15,0.75,0.7,2
FT016,ZapHub,15,2023,3,2023-06-14,Rwanda,Insurance Tech,4.8,0,0,0,1244950.66,-4.24,459338.1,36.9,0,0.0,Bootstrapped,0.0,93975,283.03,44775472.21,270249,165.68,0,8.1,11.12,0.15,0.75,0.7,3
FT016,ZapHub,16,2023,4,2023-09-12,Rwanda,Insurance Tech,5.05,0,0,0,1159657.57,-7.15,488497.07,42.12,0,0.0,Bootstrapped,0.0,91124,271.41,43417249.61,328552,132.15,0,6.61,6.83,0.15,0.75,0.7,0
FT017,PrimeDigital,1,2020,1,2020-01-01,Tanzania,Remittance,1.1,0,0,0,76983.87,0.0,16511.59,21.45,0,0.0,Seed,0.0,27773,25.4,7548565.67,170189,44.35,0,3.26,10.68,0.25,0.6,0.6,1
FT017,PrimeDigital,2,2020,2,2020-03-31,Tanzania,Remittance,1.35,0,0,0,130107.09,-78.78,26091.42,20.05,0,0.0,Seed,0.0,18803,-15.1,5110570.09,124926,40.91,0,3.58,16.71,0.25,0.6,0.6,2
FT017,PrimeDigital,3,2020,3,2020-06-29,Tanzania,Remittance,1.6,0,0,0,64763.07,-74.02,18568.21,28.67,0,0.0,Seed,0.0,23020,3.94,6256668.22,74450,84.04,0,2.39,11.47,0.25,0.6,0.6,3
FT017,PrimeDigital,4,2020,4,2020-09-27,Tanzania,Remittance,1.85,0,0,0,122788.14,-68.12,21594.67,17.59,0,0.0,Seed,0.0,28243,27.52,7676172.83,56715,135.35,0,2.28,18.4,0.25,0.6,0.6,0
FT017,PrimeDigital,5,2020,1,2020-12-26,Tanzania,Remittance,2.1,0,0,0,167910.3,-61.17,71576.45,42.63,0,0.0,Seed,0.0,34398,55.31,9349070.98,179652,52.04,0,3.64,12.95,0.25,0.6,0.6,1
FT017,PrimeDigital,6,2021,2,2021-03-26,Tanzania,Remittance,2.35,0,0,0,175178.78,-62.64,52005.88,29.69,0,0.0,Seed,0.0,33093,49.42,8994506.78,214597,41.91,0,6.8,19.62,0.25,0.6,0.6,2
FT017,PrimeDigital,7,2021,3,2021-06-24,Tanzania,Remittance,2.6,0,0,0,146287.61,-64.91,60820.12,41.58,0,0.0,Seed,0.0,31087,40.36,8449281.65,68648,123.08,0,5.28,16.86,0.25,0.6,0.6,3
FT017,PrimeDigital,8,2021,4,2021-09-22,Tanzania,Remittance,2.85,0,0,0,122554.49,-60.66,25808.05,21.06,0,0.0,Seed,0.0,34848,57.34,9471526.26,190611,49.69,0,4.13,10.0,0.25,0.6,0.6,0
FT017,PrimeDigital,9,2021,1,2021-12-21,Tanzania,Remittance,3.1,0,0,0,226246.04,-51.57,40821.01,18.04,0,0.0,Seed,0.0,42909,93.74,11662308.31,176670,66.01,0,3.41,6.68,0.25,0.6,0.6,1
FT017,PrimeDigital,10,2022,2,2022-03-21,Tanzania,Remittance,3.35,0,0,0,195038.37,-57.26,54914.65,28.16,0,0.0,Seed,0.0,37861,70.95,10290378.87,219045,46.98,0,3.82,13.17,0.25,0.6,0.6,2
FT017,PrimeDigital,11,2022,3,2022-06-19,Tanzania,Remittance,3.6,0,0,0,248344.37,-60.54,74193.28,29.88,0,0.0,Seed,0.0,34956,57.83,9500800.54,114774,82.78,0,3.86,8.76,0.25,0.6,0.6,3
FT017,PrimeDigital,12,2022,4,2022-09-17,Tanzania,Remittance,3.85,0,0,0,170973.65,-49.94,54929.43,32.13,0,0.0,Seed,0.0,44351,100.25,12054226.75,207263,58.16,0,4.99,17.81,0.25,0.6,0.6,0
FT017,PrimeDigital,13,2022,1,2022-12-16,Tanzania,Remittance,4.1,0,0,0,258260.11,-42.76,94696.62,36.67,0,0.0,Seed,0.0,50705,128.94,13781283.14,198407,69.46,0,7.54,9.08,0.25,0.6,0.6,1
FT017,PrimeDigital,14,2023,2,2023-03-16,Tanzania,Remittance,4.35,0,0,0,383641.3,-43.42,45742.53,11.92,0,0.0,Seed,0.0,50129,126.34,13624605.02,338650,40.23,0,11.31,16.55,0.25,0.6,0.6,2
FT017,PrimeDigital,15,2023,3,2023-06-14,Tanzania,Remittance,4.6,0,0,0,186020.85,-48.31,44376.55,23.86,0,0.0,Seed,0.0,45791,106.75,12445524.86,260046,47.86,0,4.33,16.73,0.25,0.6,0.6,3
FT017,PrimeDigital,16,2023,4,2023-09-12,Tanzania,Remittance,4.85,0,0,0,132289.98,-46.36,56459.57,42.68,0,0.0,Seed,0.0,47523,114.57,12916341.62,237300,54.43,0,2.03,14.93,0.25,0.6,0.6,0
FT018,SafeLink,1,2020,1,2020-01-01,Uganda,Digital Lending,6.3,0,0,0,46172.71,0.0,18376.18,39.8,0,0.0,Series A,0.0,12764,22.27,2485873.07,36117,68.83,0,2.24,10.16,0.2,0.6,0.55,1
FT018,SafeLink,2,2020,2,2020-03-31,Uganda,Digital Lending,6.55,0,0,0,69712.49,-69.8,20381.61,29.24,0,0.0,Series A,0.0,12608,20.78,2455475.99,55311,44.39,0,4.82,11.5,0.2,0.6,0.55,2
FT018,SafeLink,3,2020,3,2020-06-29,Uganda,Digital Lending,6.8,0,0,0,48345.76,-72.4,13104.89,27.11,0,0.0,Series A,0.0,11523,10.39,2244209.03,79912,28.08,0,4.46,11.06,0.2,0.6,0.55,3
FT018,SafeLink,4,2020,4,2020-09-27,Uganda,Digital Lending,7.05,0,0,0,38833.28,-67.75,10796.96,27.8,0,0.0,Series A,0.0,13465,28.99,2622456.32,79979,32.79,0,2.9,9.29,0.2,0.6,0.55,0
FT018,SafeLink,5,2020,1,2020-12-26,Uganda,Digital Lending,7.3,0,0,0,89406.14,-62.1,26495.75,29.64,0,0.0,Series A,0.0,15825,51.6,3081994.32,64318,47.92,0,5.74,16.22,0.2,0.6,0.55,1
FT018,SafeLink,6,2021,2,2021-03-26,Uganda,Digital Lending,7.55,0,0,0,48749.43,-64.86,6429.55,13.19,0,0.0,Series A,0.0,14671,40.54,2857359.31,54208,52.71,0,3.06,16.5,0.2,0.6,0.55,2
FT018,SafeLink,7,2021,3,2021-06-24,Uganda,Digital Lending,7.8,0,0,0,58543.46,-67.01,23210.13,39.65,0,0.0,Series A,0.0,13774,31.95,2682697.99,40017,67.04,0,3.01,7.36,0.2,0.6,0.55,3
FT018,SafeLink,8,2021,4,2021-09-22,Uganda,Digital Lending,8.05,0,0,0,61767.78,-73.64,19563.93,31.67,0,0.0,Series A,0.0,11006,5.43,2143546.87,26568,80.68,0,7.5,10.72,0.2,0.6,0.55,0
FT018,SafeLink,9,2021,1,2021-12-21,Uganda,Digital Lending,8.3,0,0,0,55155.75,-47.95,11969.04,21.7,0,0.0,Series A,0.0,21732,108.18,4232363.99,141707,29.87,0,2.35,6.93,0.2,0.6,0.55,1
FT018,SafeLink,10,2022,2,2022-03-21,Uganda,Digital Lending,8.55,0,0,0,100622.78,-51.11,41927.95,41.67,0,0.0,Series A,0.0,20413,95.55,3975466.56,56486,70.38,0,2.73,18.98,0.2,0.6,0.55,2
FT018,SafeLink,11,2022,3,2022-06-19,Uganda,Digital Lending,8.8,0,0,0,47888.85,-59.69,16944.81,35.38,0,0.0,Series A,0.0,16832,61.24,3278187.4,57923,56.6,0,2.06,14.98,0.2,0.6,0.55,3
FT018,SafeLink,12,2022,4,2022-09-17,Uganda,Digital Lending,9.05,0,0,0,101014.48,-53.94,35848.82,35.49,0,0.0,Series A,0.0,19232,84.23,3745645.89,124072,30.19,0,6.37,16.96,0.2,0.6,0.55,0
FT018,SafeLink,13,2022,1,2022-12-16,Uganda,Digital Lending,9.3,0,0,0,121495.52,-42.83,18489.03,15.22,0,0.0,Series A,0.0,23871,128.67,4648967.7,194615,23.89,0,5.55,14.96,0.2,0.6,0.55,1
FT018,SafeLink,14,2023,2,2023-03-16,Uganda,Digital Lending,9.55,0,0,0,87105.04,-48.72,28280.53,32.47,0,0.0,Series A,0.0,21410,105.1,4169712.68,52898,78.83,0,4.41,18.71,0.2,0.6,0.55,2
FT018,SafeLink,15,2023,3,2023-06-14,Uganda,Digital Lending,9.8,0,0,0,95202.38,-53.51,35865.2,37.67,0,0.0,Series A,0.0,19413,85.97,3780857.15,109836,34.42,0,4.26,18.46,0.2,0.6,0.55,3
FT018,SafeLink,16,2023,4,2023-09-12,Uganda,Digital Lending,10.05,0,0,0,137035.99,-29.62,36285.96,26.48,0,0.0,Series A,0.0,29386,181.51,5723142.31,204674,27.96,0,5.57,15.83,0.2,0.6,0.55,0
FT019,PrimeAfrica,1,2020,1,2020-01-01,Ethiopia,Digital Banking,2.0,0,0,0,280387.29,0.0,37287.99,13.3,0,0.0,Seed,0.0,96793,11.43,16777392.53,433560,38.7,0,3.55,13.07,0.5,0.55,0.5,1
FT019,PrimeAfrica,2,2020,2,2020-03-31,Ethiopia,Digital Banking,2.25,0,0,0,362286.22,-69.81,141758.75,39.13,0,0.0,Seed,0.0,104898,20.77,18182335.44,805883,22.56,0,4.26,10.88,0.5,0.55,0.5,2
FT019,PrimeAfrica,3,2020,3,2020-06-29,Ethiopia,Digital Banking,2.5,0,0,0,398059.28,-72.57,90474.22,22.73,0,0.0,Seed,0.0,95301,9.72,16518750.96,292465,56.48,0,2.3,12.36,0.5,0.55,0.5,3
FT019,PrimeAfrica,4,2020,4,2020-09-27,Ethiopia,Digital Banking,2.75,0,0,0,563171.45,-65.69,171287.57,30.41,0,0.0,Seed,0.0,119220,37.25,20664711.65,752364,27.47,0,4.24,7.77,0.5,0.55,0.5,0
FT019,PrimeAfrica,5,2020,1,2020-12-26,Ethiopia,Digital Banking,3.0,0,0,0,484875.42,-65.67,140890.32,29.06,0,0.0,Seed,0.0,119270,37.31,20673411.11,948355,21.8,0,4.36,16.4,0.5,0.55,0.5,1
FT019,PrimeAfrica,6,2021,2,2021-03-26,Ethiopia,Digital Banking,3.25,0,0,0,208502.36,-66.2,73982.65,35.48,0,0.0,Seed,0.0,117435,35.2,20355326.11,873308,23.31,0,1.4,9.93,0.5,0.55,0.5,2
FT019,PrimeAfrica,7,2021,3,2021-06-24,Ethiopia,Digital Banking,3.5,0,0,0,605126.39,-59.24,245332.69,40.54,0,0.0,Seed,0.0,141605,63.03,24544773.8,510325,48.1,0,3.36,11.48,0.5,0.55,0.5,3
FT019,PrimeAfrica,8,2021,4,2021-09-22,Ethiopia,Digital Banking,3.75,0,0,0,366575.71,-63.44,151725.19,41.39,0,0.0,Seed,0.0,127026,46.24,22017718.61,776467,28.36,0,3.29,14.42,0.5,0.55,0.5,0
FT019,PrimeAfrica,9,2021,1,2021-12-21,Ethiopia,Digital Banking,4.0,0,0,0,673809.08,-55.28,285799.4,42.42,0,0.0,Seed,0.0,155378,78.88,26932114.66,770830,34.94,0,4.04,18.22,0.5,0.55,0.5,1
FT019,PrimeAfrica,10,2022,2,2022-03-21,Ethiopia,Digital Banking,4.25,0,0,0,637328.8,-48.06,172073.52,27.0,0,0.0,Seed,0.0,180471,107.77,31281446.09,434035,72.07,0,3.19,15.23,0.5,0.55,0.5,2
FT019,PrimeAfrica,11,2022,3,2022-06-19,Ethiopia,Digital Banking,4.5,0,0,0,481164.11,-55.49,195390.24,40.61,0,0.0,Seed,0.0,154630,78.02,26802444.21,567682,47.21,0,2.39,9.69,0.5,0.55,0.5,3
FT019,PrimeAfrica,12,2022,4,2022-09-17,Ethiopia,Digital Banking,4.75,0,0,0,1170830.93,-33.81,426038.05,36.39,0,0.0,Seed,0.0,229985,164.77,39863846.21,1366234,29.18,0,7.39,9.81,0.5,0.55,0.5,0
FT019,PrimeAfrica,13,2022,1,2022-12-16,Ethiopia,Digital Banking,5.0,0,0,0,939575.37,-32.08,416699.29,44.35,0,0.0,Seed,0.0,235987,171.68,40904284.89,1490513,27.44,0,2.99,14.47,0.5,0.55,0.5,1
FT019,PrimeAfrica,14,2023,2,2023-03-16,Ethiopia,Digital Banking,5.25,0,0,0,796132.03,-40.45,305077.21,38.32,0,0.0,Seed,0.0,206894,138.19,35861563.56,1290972,27.78,0,5.26,17.8,0.5,0.55,0.5,2
FT019,PrimeAfrica,15,2023,3,2023-06-14,Ethiopia,Digital Banking,5.5,0,0,0,883947.2,-38.9,249580.09,28.23,0,6037797.54,Series C,6037797.54,212287,144.4,36796189.34,1055695,34.85,0,3.14,11.69,0.5,0.55,0.5,3
FT019,PrimeAfrica,16,2023,4,2023-09-12,Ethiopia,Digital Banking,5.75,0,0,0,826442.77,-23.68,243248.19,29.43,0,0.0,Seed,0.0,265171,205.28,45962753.37,2053878,22.38,0,4.6,7.41,0.5,0.55,0.5,0
FT020,M-Pro,1,2020,1,2020-01-01,South Africa,Crypto Exchange,1.2,0,0,0,52212.19,0.0,18868.29,36.14,0,0.0,Seed,0.0,11403,23.08,2795022.59,93915,29.76,0,2.33,11.67,0.8,0.9,0.75,1
FT020,M-Pro,2,2020,2,2020-03-31,South Africa,Crypto Exchange,1.45,0,0,0,59585.45,-71.17,18399.09,30.88,0,0.0,Seed,0.0,10683,15.31,2618707.19,60676,43.16,0,3.9,14.76,0.8,0.9,0.75,2
FT020,M-Pro,3,2020,3,2020-06-29,South Africa,Crypto Exchange,1.7,0,0,0,36900.68,-72.83,14601.84,39.57,0,0.0,Seed,0.0,10069,8.68,2468075.36,32848,75.14,0,4.06,12.57,0.8,0.9,0.75,3
FT020,M-Pro,4,2020,4,2020-09-27,South Africa,Crypto Exchange,1.95,0,0,0,87994.23,-66.63,15071.97,17.13,0,0.0,Seed,0.0,12366,33.48,3031167.36,30752,98.57,0,10.19,11.19,0.8,0.9,0.75,0
FT020,M-Pro,5,2020,1,2020-12-26,South Africa,Crypto Exchange,2.2,0,0,0,101713.21,-54.77,38856.32,38.2,0,0.0,Seed,0.0,16760,80.9,4108239.06,119046,34.51,0,8.62,11.62,0.8,0.9,0.75,1
FT020,M-Pro,6,2021,2,2021-03-26,South Africa,Crypto Exchange,2.45,0,0,0,52532.15,-62.39,12988.1,24.72,0,0.0,Seed,0.0,13937,50.43,3416265.46,72890,46.87,0,4.85,10.23,0.8,0.9,0.75,2
FT020,M-Pro,7,2021,3,2021-06-24,South Africa,Crypto Exchange,2.7,0,0,0,61698.75,-63.39,17376.0,28.16,0,0.0,Seed,0.0,13568,46.45,3325714.94,76109,43.7,0,2.56,14.2,0.8,0.9,0.75,3
FT020,M-Pro,8,2021,4,2021-09-22,South Africa,Crypto Exchange,2.95,0,0,0,94240.8,-45.04,41033.21,43.54,0,0.0,Seed,0.0,20366,119.83,4991993.9,76460,65.29,0,2.57,10.62,0.8,0.9,0.75,0
FT020,M-Pro,9,2021,1,2021-12-21,South Africa,Crypto Exchange,3.2,0,0,0,81228.83,-41.19,35416.5,43.6,0,0.0,Seed,0.0,21795,135.25,5342338.84,142193,37.57,0,2.56,12.48,0.8,0.9,0.75,1
FT020,M-Pro,10,2022,2,2022-03-21,South Africa,Crypto Exchange,3.45,0,0,0,168133.68,-29.57,57314.55,34.09,0,0.0,Seed,0.0,26098,181.69,6397168.98,190258,33.62,0,5.22,8.04,0.8,0.9,0.75,2
FT020,M-Pro,11,2022,3,2022-06-19,South Africa,Crypto Exchange,3.7,0,0,0,121733.34,-21.52,21477.45,17.64,0,0.0,Seed,0.0,29084,213.93,7129005.07,108401,65.77,0,5.92,15.57,0.8,0.9,0.75,3
FT020,M-Pro,12,2022,4,2022-09-17,South Africa,Crypto Exchange,3.95,0,0,0,128623.73,-17.14,27094.46,21.06,0,0.0,Seed,0.0,30708,231.45,7526917.89,121617,61.89,0,2.52,9.57,0.8,0.9,0.75,0
FT020,M-Pro,13,2022,1,2022-12-16,South Africa,Crypto Exchange,4.2,0,0,0,222802.57,-9.74,43898.83,19.7,0,0.0,Seed,0.0,33447,261.02,8198403.67,116378,70.45,0,8.32,10.06,0.8,0.9,0.75,1
FT020,M-Pro,14,2023,2,2023-03-16,South Africa,Crypto Exchange,4.45,0,0,0,137461.53,14.58,45282.61,32.94,0,0.0,Seed,0.0,42462,358.32,10407989.97,240474,43.28,0,2.36,6.62,0.8,0.9,0.75,2
FT020,M-Pro,15,2023,3,2023-06-14,South Africa,Crypto Exchange,4.7,0,0,0,114601.01,-4.62,54946.98,47.95,0,0.0,Seed,0.0,35347,281.53,8664004.75,161911,53.51,0,4.51,7.95,0.8,0.9,0.75,3
FT020,M-Pro,16,2023,4,2023-09-12,South Africa,Crypto Exchange,4.95,0,0,0,126869.4,15.36,44617.79,35.17,0,0.0,Seed,0.0,42752,361.45,10479089.99,176378,59.41,0,2.21,5.98,0.8,0.9,0.75,0
FT021,Wave,1,2020,1,2020-01-01,South Africa,Digital Lending,5.4,0,0,0,259046.98,0.0,65417.92,25.25,0,0.0,Series A,0.0,89728,33.05,13943083.99,443625,31.43,0,1.94,10.5,0.8,0.9,0.75,1
FT021,Wave,2,2020,2,2020-03-31,South Africa,Digital Lending,5.65,0,0,0,418237.07,-63.6,111759.39,26.72,0,0.0,Series A,0.0,98192,45.61,15258257.5,439089,34.75,0,4.71,6.48,0.8,0.9,0.75,2
FT021,Wave,3,2020,3,2020-06-29,South Africa,Digital Lending,5.9,0,0,0,160337.39,-72.92,38880.72,24.25,0,0.0,Series A,0.0,73049,8.32,11351285.59,404486,28.06,0,2.21,9.65,0.8,0.9,0.75,3
FT021,Wave,4,2020,4,2020-09-27,South Africa,Digital Lending,6.15,0,0,0,377047.02,-65.21,147553.51,39.13,0,0.0,Series A,0.0,93847,39.16,14583045.92,197899,73.69,0,4.53,12.48,0.8,0.9,0.75,0
FT021,Wave,5,2020,1,2020-12-26,South Africa,Digital Lending,6.4,0,0,0,498679.28,-54.98,116848.45,23.43,0,0.0,Series A,0.0,121432,80.07,18869519.99,937257,20.13,0,5.3,9.99,0.8,0.9,0.75,1
FT021,Wave,6,2021,2,2021-03-26,South Africa,Digital Lending,6.65,0,0,0,583539.2,-48.63,134345.94,23.02,0,0.0,Series A,0.0,138574,105.49,21533224.6,429669,50.12,0,3.74,13.69,0.8,0.9,0.75,2
FT021,Wave,7,2021,3,2021-06-24,South Africa,Digital Lending,6.9,0,0,0,496147.03,-57.03,155674.48,31.38,0,0.0,Series A,0.0,115906,71.87,18010922.01,250549,71.89,0,2.43,12.06,0.8,0.9,0.75,3
FT021,Wave,8,2021,4,2021-09-22,South Africa,Digital Lending,7.15,0,0,0,388458.92,-47.07,98102.44,25.25,0,0.0,Series A,0.0,142773,111.71,22185762.91,349027,63.56,0,2.88,8.62,0.8,0.9,0.75,0
FT021,Wave,9,2021,1,2021-12-21,South Africa,Digital Lending,7.4,0,0,0,283644.01,-40.51,94520.81,33.32,0,0.0,Series A,0.0,160480,137.97,24937329.55,747631,33.36,0,2.04,12.69,0.8,0.9,0.75,1
FT021,Wave,10,2022,2,2022-03-21,South Africa,Digital Lending,7.65,0,0,0,335982.28,-44.16,91005.93,27.09,0,8142699.1,Series B,8142699.1,150638,123.38,23407937.69,308835,75.79,0,2.84,11.01,0.8,0.9,0.75,2
FT021,Wave,11,2022,3,2022-06-19,South Africa,Digital Lending,7.9,0,0,0,779413.89,-28.65,287084.23,36.83,0,0.0,Series A,0.0,192471,185.41,29908390.19,1127771,26.52,0,4.54,13.04,0.8,0.9,0.75,3
FT021,Wave,12,2022,4,2022-09-17,South Africa,Digital Lending,8.15,0,0,0,463258.9,-20.49,79644.64,17.19,0,0.0,Series A,0.0,214485,218.05,33329167.47,647591,51.47,0,2.72,11.52,0.8,0.9,0.75,0
FT021,Wave,13,2022,1,2022-12-16,South Africa,Digital Lending,8.4,0,0,0,943601.52,-0.6,352831.87,37.39,0,0.0,Series A,0.0,268123,297.59,41664109.29,1614133,25.81,0,2.71,7.37,0.8,0.9,0.75,1
FT021,Wave,14,2023,2,2023-03-16,South Africa,Digital Lending,8.65,0,0,0,589405.27,-5.18,219286.64,37.2,0,0.0,Series A,0.0,255767,279.27,39744084.59,993133,40.02,0,2.32,7.22,0.8,0.9,0.75,2
FT021,Wave,15,2023,3,2023-06-14,South Africa,Digital Lending,8.9,0,0,0,1028937.65,-7.15,214893.17,20.88,0,0.0,Series A,0.0,250470,271.41,38920924.69,968595,40.18,0,4.9,8.02,0.8,0.9,0.75,3
FT021,Wave,16,2023,4,2023-09-12,South Africa,Digital Lending,9.15,0,0,0,1004654.14,5.46,382969.4,38.12,0,0.0,Series A,0.0,284470,321.83,44204367.92,2171760,20.35,0,4.22,7.55,0.8,0.9,0.75,0
FT022,Wallet,1,2020,1,2020-01-01,Rwanda,Crypto Exchange,5.4,0,0,0,104983.47,0.0,46694.39,44.48,0,0.0,Bootstrapped,0.0,24621,33.33,4163197.93,180594,23.05,0,3.7,9.79,0.15,0.75,0.7,1
FT022,Wallet,2,2020,2,2020-03-31,Rwanda,Crypto Exchange,5.65,0,0,0,60203.0,-68.27,19110.09,31.74,0,0.0,Bootstrapped,0.0,23437,26.92,3962932.07,51254,77.32,0,2.72,5.66,0.15,0.75,0.7,2
FT022,Wallet,3,2020,3,2020-06-29,Rwanda,Crypto Exchange,5.9,0,0,0,90392.14,-73.93,23027.37,25.47,0,0.0,Bootstrapped,0.0,19256,4.28,3255923.68,128028,25.43,0,6.22,14.12,0.15,0.75,0.7,3
FT022,Wallet,4,2020,4,2020-09-27,Rwanda,Crypto Exchange,6.15,0,0,0,108911.25,-59.5,50923.11,46.76,0,0.0,Bootstrapped,0.0,29911,61.98,5057630.01,104510,48.39,0,3.01,13.11,0.15,0.75,0.7,0
FT022,Wallet,5,2020,1,2020-12-26,Rwanda,Crypto Exchange,6.4,0,0,0,84092.61,-54.6,34452.03,40.97,0,0.0,Bootstrapped,0.0,33536,81.61,5670465.61,294591,19.25,0,1.31,9.03,0.15,0.75,0.7,1
FT022,Wallet,6,2021,2,2021-03-26,Rwanda,Crypto Exchange,6.65,0,0,0,120024.8,-54.93,36796.72,30.66,0,0.0,Bootstrapped,0.0,33289,80.27,5628726.88,223117,25.23,0,1.85,13.28,0.15,0.75,0.7,2
FT022,Wallet,7,2021,3,2021-06-24,Rwanda,Crypto Exchange,6.9,0,0,0,163371.21,-51.09,43034.54,26.34,0,0.0,Bootstrapped,0.0,36130,95.66,6109072.3,72630,84.11,0,6.17,11.41,0.15,0.75,0.7,3
FT022,Wallet,8,2021,4,2021-09-22,Rwanda,Crypto Exchange,7.15,0,0,0,208284.37,-44.06,54194.6,26.02,0,0.0,Bootstrapped,0.0,41317,123.74,6986224.1,226652,30.82,0,4.48,7.65,0.15,0.75,0.7,0
FT022,Wallet,9,2021,1,2021-12-21,Rwanda,Crypto Exchange,7.4,0,0,0,143001.79,-32.0,50356.27,35.21,0,0.0,Bootstrapped,0.0,50227,172.0,8492748.05,418507,20.29,0,4.22,12.07,0.15,0.75,0.7,1
FT022,Wallet,10,2022,2,2022-03-21,Rwanda,Crypto Exchange,7.65,0,0,0,195446.71,-35.61,72451.85,37.07,0,0.0,Bootstrapped,0.0,47564,157.57,8042411.3,324694,24.77,0,4.83,12.36,0.15,0.75,0.7,2
FT022,Wallet,11,2022,3,2022-06-19,Rwanda,Crypto Exchange,7.9,0,0,0,165179.17,-33.9,36735.19,22.24,0,0.0,Bootstrapped,0.0,48827,164.41,8255991.14,132014,62.54,0,2.62,6.89,0.15,0.75,0.7,3
FT022,Wallet,12,2022,4,2022-09-17,Rwanda,Crypto Exchange,8.15,0,0,0,206282.97,-24.88,66650.23,32.31,0,0.0,Bootstrapped,0.0,55489,200.49,9382451.03,322704,29.07,0,4.34,14.04,0.15,0.75,0.7,0
FT022,Wallet,13,2022,1,2022-12-16,Rwanda,Crypto Exchange,8.4,0,0,0,324200.77,-3.01,47739.79,14.73,0,0.0,Bootstrapped,0.0,71642,287.96,12113722.69,488428,24.8,0,4.47,9.47,0.15,0.75,0.7,1
FT022,Wallet,14,2023,2,2023-03-16,Rwanda,Crypto Exchange,8.65,0,0,0,279177.56,4.2,72679.97,26.03,0,0.0,Bootstrapped,0.0,76966,316.8,13013969.64,224905,57.86,0,3.96,8.98,0.15,0.75,0.7,2
FT022,Wallet,15,2023,3,2023-06-14,Rwanda,Crypto Exchange,8.9,0,0,0,288035.19,-16.5,55189.83,19.16,0,0.0,Bootstrapped,0.0,61677,234.0,10428704.68,313132,33.3,0,6.37,14.55,0.15,0.75,0.7,3
FT022,Wallet,16,2023,4,2023-09-12,Rwanda,Crypto Exchange,9.15,0,0,0,337275.7,9.12,95168.42,28.22,0,0.0,Bootstrapped,0.0,80598,336.46,13628114.95,256295,53.17,0,2.22,14.67,0.15,0.75,0.7,0
FT023,Swift,1,2020,1,2020-01-01,Kenya,Insurance Tech,2.3,0,0,0,545962.14,0.0,159163.29,29.15,0,0.0,Series A,0.0,66967,30.49,32681421.96,174904,186.85,0,11.03,18.71,0.4,0.8,0.7,1
FT023,Swift,2,2020,2,2020-03-31,Kenya,Insurance Tech,2.55,0,0,0,492329.0,-72.25,218414.08,44.36,0,0.0,Series A,0.0,56957,10.98,27796428.23,142997,194.38,0,8.38,10.0,0.4,0.8,0.7,2
FT023,Swift,3,2020,3,2020-06-29,Kenya,Insurance Tech,2.8,0,0,0,367994.31,-77.77,144850.7,39.36,0,0.0,Series A,0.0,45630,-11.09,22268839.11,278835,79.86,0,6.1,11.13,0.4,0.8,0.7,3
FT023,Swift,4,2020,4,2020-09-27,Kenya,Insurance Tech,3.05,0,0,0,339133.98,-69.91,100415.5,29.61,0,0.0,Series A,0.0,61763,20.35,30141768.51,373293,80.75,0,4.63,17.75,0.4,0.8,0.7,0
FT023,Swift,5,2020,1,2020-12-26,Kenya,Insurance Tech,3.3,0,0,0,776520.79,-70.27,276775.68,35.64,0,0.0,Series A,0.0,61019,18.9,29779025.96,361140,82.46,0,8.2,14.62,0.4,0.8,0.7,1
FT023,Swift,6,2021,2,2021-03-26,Kenya,Insurance Tech,3.55,0,0,0,690885.07,-65.09,270570.44,39.16,0,0.0,Series A,0.0,71655,39.62,34969683.32,260956,134.01,0,12.75,7.25,0.4,0.8,0.7,2
FT023,Swift,7,2021,3,2021-06-24,Kenya,Insurance Tech,3.8,0,0,0,641340.69,-70.2,135417.6,21.11,0,0.0,Series A,0.0,61164,19.18,29849581.45,349554,85.39,0,8.53,13.5,0.4,0.8,0.7,3
FT023,Swift,8,2021,4,2021-09-22,Kenya,Insurance Tech,4.05,0,0,0,912175.5,-69.43,226039.54,24.78,0,0.0,Series A,0.0,62745,22.26,30621195.83,441765,69.32,0,14.38,16.15,0.4,0.8,0.7,0
FT023,Swift,9,2021,1,2021-12-21,Kenya,Insurance Tech,4.3,0,0,0,534716.94,-69.02,131904.03,24.67,0,0.0,Series A,0.0,63598,23.92,31037531.78,491760,63.12,0,8.02,16.42,0.4,0.8,0.7,1
FT023,Swift,10,2022,2,2022-03-21,Kenya,Insurance Tech,4.55,0,0,0,532338.24,-61.85,146186.85,27.46,0,0.0,Series A,0.0,78315,52.6,38219669.03,215837,177.08,0,7.34,12.87,0.4,0.8,0.7,2
FT023,Swift,11,2022,3,2022-06-19,Kenya,Insurance Tech,4.8,0,0,0,522807.47,-70.08,177452.27,33.94,0,0.0,Series A,0.0,61414,19.67,29971537.65,293827,102.0,0,5.83,10.13,0.4,0.8,0.7,3
FT023,Swift,12,2022,4,2022-09-17,Kenya,Insurance Tech,5.05,0,0,0,439622.65,-67.87,122090.37,27.77,0,0.0,Series A,0.0,65961,28.53,32190855.53,218479,147.34,0,9.8,13.94,0.4,0.8,0.7,0
FT023,Swift,13,2022,1,2022-12-16,Kenya,Insurance Tech,5.3,0,0,0,392892.99,-77.39,145857.43,37.12,0,0.0,Series A,0.0,46407,-9.57,22647981.82,346429,65.38,0,10.97,8.78,0.4,0.8,0.7,1
FT023,Swift,14,2023,2,2023-03-16,Kenya,Insurance Tech,5.55,1,1,0,132.24,-99.99,37.23,28.15,0,0.0,Series A,0.0,1000,-98.05,9176.61,6036,1.52,0,0.1,56.12,0.4,0.8,0.7,2
FT023,Swift,15,2023,3,2023-06-14,Kenya,Insurance Tech,5.8,1,1,1,139.73,-99.99,57.43,41.1,0,0.0,Series A,0.0,1000,-98.05,7290.2,2621,2.78,0,0.2,38.74,0.4,0.8,0.7,3
FT023,Swift,16,2023,4,2023-09-12,Kenya,Insurance Tech,6.05,1,1,0,150.36,-99.99,47.08,31.31,0,0.0,Series A,0.0,1000,-98.05,5337.99,3428,1.56,0,0.1,42.9,0.4,0.8,0.7,0
FT024,FlashDirect,1,2020,1,2020-01-01,South Africa,Crypto Exchange,2.1,0,0,0,906796.01,0.0,354582.64,39.1,0,0.0,Series A,0.0,215701,34.87,85472015.52,717567,119.11,0,4.69,14.81,0.8,0.9,0.75,1
FT024,FlashDirect,2,2020,2,2020-03-31,South Africa,Crypto Exchange,2.35,0,0,0,1472781.14,-70.99,711307.76,48.3,0,0.0,Series A,0.0,185602,16.05,73545239.23,938983,78.32,0,7.44,14.06,0.8,0.9,0.75,2
FT024,FlashDirect,3,2020,3,2020-06-29,South Africa,Crypto Exchange,2.6,0,0,0,1559855.53,-74.88,555335.86,35.6,0,0.0,Series A,0.0,160727,0.5,63688457.75,332370,191.62,0,6.54,9.24,0.8,0.9,0.75,3
FT024,FlashDirect,4,2020,4,2020-09-27,South Africa,Crypto Exchange,2.85,0,0,0,1591007.19,-64.82,516677.69,32.47,0,0.0,Series A,0.0,225040,40.71,89172662.78,1532224,58.2,0,5.21,12.36,0.8,0.9,0.75,0
FT024,FlashDirect,5,2020,1,2020-12-26,South Africa,Crypto Exchange,3.1,0,0,0,1350259.73,-52.96,446662.12,33.08,0,0.0,Series A,0.0,300934,88.16,119246092.33,1431340,83.31,0,5.72,7.71,0.8,0.9,0.75,1
FT024,FlashDirect,6,2021,2,2021-03-26,South Africa,Crypto Exchange,3.35,0,0,0,1187529.53,-55.81,206782.09,17.41,0,0.0,Series A,0.0,282671,76.74,112009135.74,1150613,97.35,0,3.22,11.67,0.8,0.9,0.75,2
FT024,FlashDirect,7,2021,3,2021-06-24,South Africa,Crypto Exchange,3.6,0,0,0,2794986.02,-61.91,489725.1,17.52,0,0.0,Series A,0.0,243703,52.38,96567870.51,1554773,62.11,0,8.96,15.37,0.8,0.9,0.75,3
FT024,FlashDirect,8,2021,4,2021-09-22,South Africa,Crypto Exchange,3.85,0,0,0,3616428.44,-41.34,847014.04,23.42,0,0.0,Series A,0.0,375255,134.63,148695716.31,773665,192.2,0,7.82,8.82,0.8,0.9,0.75,0
FT024,FlashDirect,9,2021,1,2021-12-21,South Africa,Crypto Exchange,4.1,0,0,0,2686935.21,-37.16,392262.28,14.6,0,0.0,Series A,0.0,402002,151.36,159294378.63,1577021,101.01,0,5.83,15.0,0.8,0.9,0.75,1
FT024,FlashDirect,10,2022,2,2022-03-21,South Africa,Crypto Exchange,4.35,0,0,0,1751414.38,-41.68,610191.43,34.84,0,0.0,Series A,0.0,373079,133.27,147833481.15,884514,167.14,0,6.89,9.94,0.8,0.9,0.75,2
FT024,FlashDirect,11,2022,3,2022-06-19,South Africa,Crypto Exchange,4.6,0,0,0,3079937.1,-47.72,612879.63,19.9,0,0.0,Series A,0.0,334477,109.14,132537264.82,1452695,91.24,0,12.93,13.83,0.8,0.9,0.75,3
FT024,FlashDirect,12,2022,4,2022-09-17,South Africa,Crypto Exchange,4.85,0,0,0,2152725.84,-23.58,981933.5,45.61,0,0.0,Series A,0.0,488900,205.69,193727902.32,3198524,60.57,0,4.01,9.48,0.8,0.9,0.75,0
FT024,FlashDirect,13,2022,1,2022-12-16,South Africa,Crypto Exchange,5.1,0,0,0,3508383.68,-10.32,1490893.05,42.5,0,0.0,Series A,0.0,573713,258.72,227334941.15,3878855,58.61,0,5.69,13.97,0.8,0.9,0.75,1
FT024,FlashDirect,14,2023,2,2023-03-16,South Africa,Crypto Exchange,5.35,0,0,0,6099583.45,-2.58,2050191.68,33.61,0,0.0,Series A,0.0,623243,289.69,246961526.74,1694813,145.72,0,7.83,11.51,0.8,0.9,0.75,2
FT024,FlashDirect,15,2023,3,2023-06-14,South Africa,Crypto Exchange,5.6,0,0,0,4237467.53,-20.15,1062442.67,25.07,0,0.0,Series A,0.0,510839,219.41,202421181.46,1241108,163.1,0,9.61,15.03,0.8,0.9,0.75,3
FT024,FlashDirect,16,2023,4,2023-09-12,South Africa,Crypto Exchange,5.85,0,0,0,5847077.75,8.13,1104610.09,18.89,0,0.0,Series A,0.0,691725,332.51,274097549.22,4790808,57.21,0,6.99,5.36,0.8,0.9,0.75,0
FT025,EasyAfrica,1,2020,1,2020-01-01,Zambia,Digital Lending,4.9,0,0,0,206865.8,0.0,53981.05,26.09,0,0.0,Bootstrapped,0.0,40730,21.91,16717533.4,214332,78.0,0,5.56,13.71,0.2,0.6,0.5,1
FT025,EasyAfrica,2,2020,2,2020-03-31,Zambia,Digital Lending,5.15,0,0,0,342499.84,-73.05,127714.29,37.29,0,0.0,Bootstrapped,0.0,36008,7.78,14779262.49,79025,187.02,0,10.16,8.81,0.2,0.6,0.5,2
FT025,EasyAfrica,3,2020,3,2020-06-29,Zambia,Digital Lending,5.4,0,0,0,174285.01,-71.13,61181.83,35.1,0,0.0,Bootstrapped,0.0,38578,15.47,15834028.78,141835,111.64,0,3.28,12.33,0.2,0.6,0.5,3
FT025,EasyAfrica,4,2020,4,2020-09-27,Zambia,Digital Lending,5.65,0,0,0,434414.38,-63.25,114445.51,26.34,0,0.0,Bootstrapped,0.0,49108,46.99,20155975.2,172720,116.7,0,8.65,9.41,0.2,0.6,0.5,0
FT025,EasyAfrica,5,2020,1,2020-12-26,Zambia,Digital Lending,5.9,0,0,0,365439.79,-53.02,142420.55,38.97,0,0.0,Bootstrapped,0.0,62784,87.93,25769336.33,274113,94.01,0,7.8,7.98,0.2,0.6,0.5,1
FT025,EasyAfrica,6,2021,2,2021-03-26,Zambia,Digital Lending,6.15,0,0,0,567515.95,-60.46,146619.48,25.84,0,0.0,Bootstrapped,0.0,52838,58.16,21687307.46,226460,95.77,0,8.63,15.85,0.2,0.6,0.5,2
FT025,EasyAfrica,7,2021,3,2021-06-24,Zambia,Digital Lending,6.4,0,0,0,452135.13,-57.75,174617.58,38.62,0,0.0,Bootstrapped,0.0,56456,68.98,23172247.55,111577,207.68,0,11.78,11.75,0.2,0.6,0.5,3
FT025,EasyAfrica,8,2021,4,2021-09-22,Zambia,Digital Lending,6.65,0,0,0,368772.02,-40.86,144999.28,39.32,0,0.0,Bootstrapped,0.0,79028,136.55,32436602.1,496969,65.27,0,6.71,12.86,0.2,0.6,0.5,0
FT025,EasyAfrica,9,2021,1,2021-12-21,Zambia,Digital Lending,6.9,0,0,0,574314.95,-42.04,97827.08,17.03,0,0.0,Bootstrapped,0.0,77460,131.85,31793069.99,451930,70.35,0,6.48,8.36,0.2,0.6,0.5,1
FT025,EasyAfrica,10,2022,2,2022-03-21,Zambia,Digital Lending,7.15,0,0,0,515407.21,-45.04,145448.38,28.22,0,0.0,Bootstrapped,0.0,73443,119.83,30144379.65,193540,155.75,0,4.0,9.91,0.2,0.6,0.5,2
FT025,EasyAfrica,11,2022,3,2022-06-19,Zambia,Digital Lending,7.4,0,0,0,328873.6,-44.68,125801.61,38.25,0,0.0,Bootstrapped,0.0,73929,121.29,30343639.1,463344,65.49,0,4.7,8.09,0.2,0.6,0.5,3
FT025,EasyAfrica,12,2022,4,2022-09-17,Zambia,Digital Lending,7.65,0,0,0,906896.09,-32.87,239681.03,26.43,0,0.0,Bootstrapped,0.0,89711,168.52,36821199.21,449861,81.85,0,14.5,15.67,0.2,0.6,0.5,0
FT025,EasyAfrica,13,2022,1,2022-12-16,Zambia,Digital Lending,7.9,0,0,0,1301760.33,-5.25,336184.27,25.83,0,0.0,Bootstrapped,0.0,126621,279.0,51970717.51,615528,84.43,0,12.66,14.66,0.2,0.6,0.5,1
FT025,EasyAfrica,14,2023,2,2023-03-16,Zambia,Digital Lending,8.15,0,0,0,1378762.35,-5.71,307474.36,22.3,0,0.0,Bootstrapped,0.0,126008,277.17,51719244.09,362728,142.58,0,9.62,15.66,0.2,0.6,0.5,2
FT025,EasyAfrica,15,2023,3,2023-06-14,Zambia,Digital Lending,8.4,0,0,0,958417.59,-13.85,310237.76,32.37,0,0.0,Bootstrapped,0.0,115131,244.61,47254802.07,508154,92.99,0,4.49,8.54,0.2,0.6,0.5,3
FT025,EasyAfrica,16,2023,4,2023-09-12,Zambia,Digital Lending,8.65,0,0,0,1511654.5,-6.79,344384.37,22.78,0,0.0,Bootstrapped,0.0,124564,272.85,51126242.39,253895,201.37,0,10.26,12.96,0.2,0.6,0.5,0
FT026,PrimeWallet,1,2020,1,2020-01-01,Zambia,Remittance,1.4,0,0,0,619870.82,0.0,231918.67,37.41,0,0.0,Series B,0.0,43686,33.98,20796396.27,172783,120.36,0,16.86,7.51,0.2,0.6,0.5,1
FT026,PrimeWallet,2,2020,2,2020-03-31,Zambia,Remittance,1.65,0,0,0,232111.67,-72.56,76809.02,33.09,0,0.0,Series B,0.0,35789,9.76,17037387.25,273112,62.38,0,6.79,11.1,0.2,0.6,0.5,2
FT026,PrimeWallet,3,2020,3,2020-06-29,Zambia,Remittance,1.9,0,0,0,420261.01,-73.08,127583.48,30.36,0,0.0,Series B,0.0,35108,7.67,16713063.74,142467,117.31,0,7.19,6.25,0.2,0.6,0.5,3
FT026,PrimeWallet,4,2020,4,2020-09-27,Zambia,Remittance,2.15,0,0,0,439039.95,-67.93,184674.96,42.06,0,8431998.45,Series A,8431998.45,41828,28.28,19912021.81,249726,79.74,0,15.48,7.69,0.2,0.6,0.5,0
FT026,PrimeWallet,5,2020,1,2020-12-26,Zambia,Remittance,2.4,0,0,0,469582.36,-58.88,226337.35,48.2,0,0.0,Series B,0.0,53632,64.48,25531120.76,445931,57.25,0,7.82,6.4,0.2,0.6,0.5,1
FT026,PrimeWallet,6,2021,2,2021-03-26,Zambia,Remittance,2.65,0,0,0,234156.73,-63.12,65854.01,28.12,0,6089346.1,Series A,6089346.1,48101,47.52,22898060.38,264532,86.56,0,4.37,17.84,0.2,0.6,0.5,2
FT026,PrimeWallet,7,2021,3,2021-06-24,Zambia,Remittance,2.9,0,0,0,292632.48,-69.45,71462.89,24.42,0,0.0,Series B,0.0,39839,22.18,18965360.73,224332,84.54,0,4.04,11.21,0.2,0.6,0.5,3
FT026,PrimeWallet,8,2021,4,2021-09-22,Zambia,Remittance,3.15,0,0,0,738945.11,-54.42,302908.73,40.99,0,0.0,Series B,0.0,59444,82.31,28298004.19,415762,68.06,0,17.78,7.21,0.2,0.6,0.5,0
FT026,PrimeWallet,9,2021,1,2021-12-21,Zambia,Remittance,3.4,0,0,0,302229.65,-58.29,92869.47,30.73,0,0.0,Series B,0.0,54400,66.84,25896893.3,432291,59.91,0,5.51,11.4,0.2,0.6,0.5,1
FT026,PrimeWallet,10,2022,2,2022-03-21,Zambia,Remittance,3.65,0,0,0,529745.89,-52.31,191629.44,36.17,0,0.0,Series B,0.0,62198,90.75,29608891.44,249190,118.82,0,11.12,15.25,0.2,0.6,0.5,2
FT026,PrimeWallet,11,2022,3,2022-06-19,Zambia,Remittance,3.9,0,0,0,515607.94,-51.78,145591.93,28.24,0,0.0,Series B,0.0,62893,92.89,29939790.53,204285,146.56,0,4.38,10.8,0.2,0.6,0.5,3
FT026,PrimeWallet,12,2022,4,2022-09-17,Zambia,Remittance,4.15,0,0,0,495363.64,-42.47,158384.34,31.97,0,0.0,Series B,0.0,75031,130.11,35718084.42,463915,76.99,0,9.21,9.65,0.2,0.6,0.5,0
FT026,PrimeWallet,13,2022,1,2022-12-16,Zambia,Remittance,4.4,0,0,0,958794.86,-34.14,191920.66,20.02,0,0.0,Series B,0.0,85897,163.44,40890825.25,325335,125.69,0,10.01,7.94,0.2,0.6,0.5,1
FT026,PrimeWallet,14,2023,2,2023-03-16,Zambia,Remittance,4.65,0,0,0,617625.17,-42.2,192462.53,31.16,0,0.0,Series B,0.0,75389,131.21,35888638.48,484578,74.06,0,12.23,7.94,0.2,0.6,0.5,2
FT026,PrimeWallet,15,2023,3,2023-06-14,Zambia,Remittance,4.9,0,0,0,1172030.32,-30.91,408541.47,34.86,0,0.0,Series B,0.0,90111,176.36,42896896.04,443360,96.75,0,11.85,11.23,0.2,0.6,0.5,3
FT026,PrimeWallet,16,2023,4,2023-09-12,Zambia,Remittance,5.15,0,0,0,1141398.61,-13.63,330525.54,28.96,0,0.0,Series B,0.0,112649,245.48,53625468.99,448535,119.56,0,12.05,16.02,0.2,0.6,0.5,0
FT027,Pay,1,2020,1,2020-01-01,Zambia,Mobile Money,5.3,0,0,0,326001.27,0.0,148082.96,45.42,0,0.0,Seed,0.0,29783,28.73,11936520.64,115259,103.56,449,14.74,8.66,0.2,0.6,0.5,1
FT027,Pay,2,2020,2,2020-03-31,Zambia,Mobile Money,5.55,0,0,0,226717.19,-72.07,55061.33,24.29,0,0.0,Seed,0.0,25848,11.73,10359556.18,156610,66.15,295,6.81,13.32,0.2,0.6,0.5,2
FT027,Pay,3,2020,3,2020-06-29,Zambia,Mobile Money,5.8,0,0,0,266381.78,-68.09,81737.0,30.68,0,0.0,Seed,0.0,29531,27.65,11835716.63,90364,130.98,205,9.98,14.17,0.2,0.6,0.5,3
FT027,Pay,4,2020,4,2020-09-27,Zambia,Mobile Money,6.05,0,0,0,297604.79,-67.49,100004.32,33.6,0,0.0,Seed,0.0,30083,30.03,12057063.0,68287,176.56,300,9.55,5.39,0.2,0.6,0.5,0
FT027,Pay,5,2020,1,2020-12-26,Zambia,Mobile Money,6.3,0,0,0,360659.94,-57.02,110034.21,30.51,0,0.0,Seed,0.0,39769,71.9,15939004.96,94802,168.13,375,10.55,15.39,0.2,0.6,0.5,1
FT027,Pay,6,2021,2,2021-03-26,Zambia,Mobile Money,6.55,0,0,0,436087.59,-57.72,118545.98,27.18,0,0.0,Seed,0.0,39129,69.13,15682267.92,90094,174.07,236,6.57,11.56,0.2,0.6,0.5,2
FT027,Pay,7,2021,3,2021-06-24,Zambia,Mobile Money,6.8,0,0,0,218854.41,-54.14,65302.99,29.84,0,0.0,Seed,0.0,42443,83.46,17010781.38,169584,100.31,656,7.22,13.57,0.2,0.6,0.5,3
FT027,Pay,8,2021,4,2021-09-22,Zambia,Mobile Money,7.05,0,0,0,449435.98,-48.64,113100.68,25.17,0,3083568.31,Series B,3083568.31,47531,105.45,19049819.45,287950,66.16,393,10.99,11.9,0.2,0.6,0.5,0
FT027,Pay,9,2021,1,2021-12-21,Zambia,Mobile Money,7.3,0,0,0,378843.52,-37.98,96860.1,25.57,0,0.0,Seed,0.0,57390,148.06,23001186.02,402300,57.17,402,3.92,13.98,0.2,0.6,0.5,1
FT027,Pay,10,2022,2,2022-03-21,Zambia,Mobile Money,7.55,0,0,0,543086.82,-36.32,216641.53,39.89,0,0.0,Seed,0.0,58926,154.7,23616823.09,442556,53.36,983,5.7,5.25,0.2,0.6,0.5,2
FT027,Pay,11,2022,3,2022-06-19,Zambia,Mobile Money,7.8,0,0,0,216371.37,-43.13,47971.69,22.17,0,0.0,Seed,0.0,52629,127.48,21093043.25,167054,126.26,709,4.17,6.14,0.2,0.6,0.5,3
FT027,Pay,12,2022,4,2022-09-17,Zambia,Mobile Money,8.05,0,0,0,565905.17,-13.3,170239.93,30.08,0,0.0,Seed,0.0,80229,246.78,32154467.05,424671,75.72,515,5.75,6.26,0.2,0.6,0.5,0
FT027,Pay,13,2022,1,2022-12-16,Zambia,Mobile Money,8.3,0,0,0,1167565.16,5.25,257987.94,22.1,0,0.0,Seed,0.0,97394,320.98,39034147.98,775829,50.31,933,10.82,12.31,0.2,0.6,0.5,1
FT027,Pay,14,2023,2,2023-03-16,Zambia,Mobile Money,8.55,0,0,0,417761.21,-30.92,144912.49,34.69,0,0.0,Seed,0.0,63929,176.33,25621994.93,389528,65.78,874,7.8,12.61,0.2,0.6,0.5,2
FT027,Pay,15,2023,3,2023-06-14,Zambia,Mobile Money,8.8,0,0,0,873026.7,-4.33,295814.15,33.88,0,3203143.16,Series C,3203143.16,88531,282.67,35481701.99,398369,89.07,1030,11.02,14.17,0.2,0.6,0.5,3
FT027,Pay,16,2023,4,2023-09-12,Zambia,Mobile Money,9.05,0,0,0,532569.9,14.77,152152.61,28.57,0,0.0,Seed,0.0,106212,359.09,42568146.38,337485,126.13,1463,5.22,6.15,0.2,0.6,0.5,0
FT028,EasyHub,1,2020,1,2020-01-01,Tanzania,Insurance Tech,3.2,0,0,0,15420.36,0.0,5052.8,32.77,0,0.0,Seed,0.0,6952,33.47,677654.53,26019,26.04,0,2.64,8.51,0.25,0.6,0.6,1
FT028,EasyHub,2,2020,2,2020-03-31,Tanzania,Insurance Tech,3.45,0,0,0,16354.21,-63.84,2590.97,15.84,0,0.0,Seed,0.0,7533,44.62,734269.58,28976,25.34,0,2.67,9.78,0.25,0.6,0.6,2
FT028,EasyHub,3,2020,3,2020-06-29,Tanzania,Insurance Tech,3.7,0,0,0,13310.73,-72.73,4219.27,31.7,0,0.0,Seed,0.0,5682,9.09,553811.58,16055,34.49,0,1.22,9.23,0.25,0.6,0.6,3
FT028,EasyHub,4,2020,4,2020-09-27,Tanzania,Insurance Tech,3.95,0,0,0,21704.65,-57.81,6366.15,29.33,0,0.0,Seed,0.0,8791,68.77,856856.61,20582,41.63,0,2.21,14.21,0.25,0.6,0.6,0
FT028,EasyHub,5,2020,1,2020-12-26,Tanzania,Insurance Tech,4.2,0,0,0,9779.9,-67.93,3511.0,35.9,0,0.0,Seed,0.0,6681,28.26,651229.97,55914,11.65,0,1.29,6.36,0.25,0.6,0.6,1
FT028,EasyHub,6,2021,2,2021-03-26,Tanzania,Insurance Tech,4.45,0,0,0,14726.28,-63.96,4947.96,33.6,0,0.0,Seed,0.0,7509,44.16,731972.29,30305,24.15,0,1.87,9.67,0.25,0.6,0.6,2
FT028,EasyHub,7,2021,3,2021-06-24,Tanzania,Insurance Tech,4.7,0,0,0,13453.41,-63.79,3909.66,29.06,0,0.0,Seed,0.0,7544,44.83,735299.11,49561,14.84,0,2.05,6.35,0.25,0.6,0.6,3
FT028,EasyHub,8,2021,4,2021-09-22,Tanzania,Insurance Tech,4.95,0,0,0,27484.58,-53.02,4928.91,17.93,0,0.0,Seed,0.0,9787,87.89,953991.7,67357,14.16,0,2.74,12.46,0.25,0.6,0.6,0
FT028,EasyHub,9,2021,1,2021-12-21,Tanzania,Insurance Tech,5.2,0,0,0,11999.99,-52.86,4669.43,38.91,0,0.0,Seed,0.0,9820,88.53,957205.56,43515,22.0,0,0.87,6.32,0.25,0.6,0.6,1
FT028,EasyHub,10,2022,2,2022-03-21,Tanzania,Insurance Tech,5.45,0,0,0,28977.07,-34.86,6091.59,21.02,0,0.0,Seed,0.0,13572,160.56,1322876.22,72124,18.34,0,2.78,11.77,0.25,0.6,0.6,2
FT028,EasyHub,11,2022,3,2022-06-19,Tanzania,Insurance Tech,5.7,0,0,0,20409.12,-43.94,8409.39,41.2,0,0.0,Seed,0.0,11680,124.24,1138504.72,78294,14.54,0,1.63,12.39,0.25,0.6,0.6,3
FT028,EasyHub,12,2022,4,2022-09-17,Tanzania,Insurance Tech,5.95,0,0,0,35953.73,-38.51,8328.63,23.16,0,0.0,Seed,0.0,12812,145.97,1248767.67,31821,39.24,0,1.63,11.05,0.25,0.6,0.6,0
FT028,EasyHub,13,2022,1,2022-12-16,Tanzania,Insurance Tech,6.2,0,0,0,27917.56,-11.54,8011.08,28.7,0,0.0,Seed,0.0,18430,253.83,1796336.9,135845,13.22,0,2.23,7.66,0.25,0.6,0.6,1
FT028,EasyHub,14,2023,2,2023-03-16,Tanzania,Insurance Tech,6.45,0,0,0,18009.6,-17.93,5684.89,31.57,0,0.0,Seed,0.0,17099,228.27,1666674.02,108277,15.39,0,1.51,13.26,0.25,0.6,0.6,2
FT028,EasyHub,15,2023,3,2023-06-14,Tanzania,Insurance Tech,6.7,0,0,0,18539.06,-12.57,5307.16,28.63,0,0.0,Seed,0.0,18216,249.72,1775546.79,126289,14.06,0,0.79,7.15,0.25,0.6,0.6,3
FT028,EasyHub,16,2023,4,2023-09-12,Tanzania,Insurance Tech,6.95,0,0,0,42691.5,-8.11,17627.17,41.29,0,0.0,Seed,0.0,19144,267.53,1865958.02,88811,21.01,0,3.13,9.99,0.25,0.6,0.6,0
FT029,HubTech,1,2020,1,2020-01-01,Kenya,Crypto Exchange,1.1,0,0,0,159591.7,0.0,35728.77,22.39,0,0.0,Seed,0.0,24639,20.54,6139165.35,111626,55.0,0,8.32,14.19,0.4,0.8,0.7,1
FT029,HubTech,2,2020,2,2020-03-31,Kenya,Crypto Exchange,1.35,0,0,0,187460.22,-68.44,50756.6,27.08,0,0.0,Seed,0.0,25802,26.22,6428915.68,115718,55.56,0,8.18,13.84,0.4,0.8,0.7,2
FT029,HubTech,3,2020,3,2020-06-29,Kenya,Crypto Exchange,1.6,0,0,0,90780.42,-69.34,31834.37,35.07,0,0.0,Seed,0.0,25066,22.62,6245448.52,115964,53.86,0,2.4,8.84,0.4,0.8,0.7,3
FT029,HubTech,4,2020,4,2020-09-27,Kenya,Crypto Exchange,1.85,0,0,0,120904.5,-66.54,49596.39,41.02,0,0.0,Seed,0.0,27362,33.86,6817612.14,87935,77.53,0,4.34,11.4,0.4,0.8,0.7,0
FT029,HubTech,5,2020,1,2020-12-26,Kenya,Crypto Exchange,2.1,0,0,0,83085.8,-63.72,30824.47,37.1,0,0.0,Seed,0.0,29665,45.12,7391430.23,164272,45.0,0,3.86,13.67,0.4,0.8,0.7,1
FT029,HubTech,6,2021,2,2021-03-26,Kenya,Crypto Exchange,2.35,0,0,0,81341.65,-63.62,38359.52,47.16,0,0.0,Seed,0.0,29749,45.53,7412284.5,230814,32.11,0,2.85,14.8,0.4,0.8,0.7,2
FT029,HubTech,7,2021,3,2021-06-24,Kenya,Crypto Exchange,2.6,0,0,0,88545.59,-67.56,39841.47,45.0,0,0.0,Seed,0.0,26525,29.76,6608993.82,58800,112.4,0,2.49,11.09,0.4,0.8,0.7,3
FT029,HubTech,8,2021,4,2021-09-22,Kenya,Crypto Exchange,2.85,0,0,0,209985.17,-56.48,59151.26,28.17,0,0.0,Seed,0.0,35580,74.06,8865263.92,282399,31.39,0,6.22,7.45,0.4,0.8,0.7,0
FT029,HubTech,9,2021,1,2021-12-21,Kenya,Crypto Exchange,3.1,0,0,0,155601.69,-58.28,66616.92,42.81,0,0.0,Seed,0.0,34109,66.86,8498709.87,185268,45.87,0,2.73,18.82,0.4,0.8,0.7,1
FT029,HubTech,10,2022,2,2022-03-21,Kenya,Crypto Exchange,3.35,0,0,0,266856.92,-46.69,95614.26,35.83,0,0.0,Seed,0.0,43585,113.22,10859706.11,243908,44.52,0,3.66,8.77,0.4,0.8,0.7,2
FT029,HubTech,11,2022,3,2022-06-19,Kenya,Crypto Exchange,3.6,0,0,0,182520.89,-54.06,54932.61,30.1,0,0.0,Seed,0.0,37562,83.76,9359182.85,178547,52.42,0,4.13,16.57,0.4,0.8,0.7,3
FT029,HubTech,12,2022,4,2022-09-17,Kenya,Crypto Exchange,3.85,0,0,0,169932.63,-43.69,27021.66,15.9,0,0.0,Seed,0.0,46040,125.23,11471540.42,366252,31.32,0,3.32,11.75,0.4,0.8,0.7,0
FT029,HubTech,13,2022,1,2022-12-16,Kenya,Crypto Exchange,4.1,0,0,0,209851.82,-44.02,45706.92,21.78,0,0.0,Seed,0.0,45773,123.92,11404853.93,321497,35.47,0,6.26,7.23,0.4,0.8,0.7,1
FT029,HubTech,14,2023,2,2023-03-16,Kenya,Crypto Exchange,4.35,0,0,0,165925.82,-36.37,50958.91,30.71,0,0.0,Seed,0.0,52027,154.52,12963210.72,320085,40.5,0,3.25,19.33,0.4,0.8,0.7,2
FT029,HubTech,15,2023,3,2023-06-14,Kenya,Crypto Exchange,4.6,0,0,0,147133.48,-42.95,40961.67,27.84,0,0.0,Seed,0.0,46643,128.18,11621737.58,183699,63.27,0,4.44,19.27,0.4,0.8,0.7,3
FT029,HubTech,16,2023,4,2023-09-12,Kenya,Crypto Exchange,4.85,0,0,0,206789.91,-40.67,55708.31,26.94,0,0.0,Seed,0.0,48510,137.31,12086766.22,157652,76.67,0,3.66,14.13,0.4,0.8,0.7,0
FT030,WaveHub,1,2020,1,2020-01-01,Senegal,Digital Lending,8.1,0,0,0,56795.43,0.0,19679.95,34.65,0,0.0,Series A,0.0,32603,51.75,3999074.49,194440,20.57,0,2.23,11.17,0.18,0.65,0.65,1
FT030,WaveHub,2,2020,2,2020-03-31,Senegal,Digital Lending,8.35,0,0,0,65557.71,-73.98,14899.5,22.73,0,0.0,Series A,0.0,22364,4.09,2743107.93,79771,34.39,0,3.25,10.38,0.18,0.65,0.65,2
FT030,WaveHub,3,2020,3,2020-06-29,Senegal,Digital Lending,8.6,0,0,0,66189.26,-71.44,22479.3,33.96,0,5214272.61,Seed,5214272.61,24544,14.24,3010520.5,99725,30.19,0,2.12,12.96,0.18,0.65,0.65,3
FT030,WaveHub,4,2020,4,2020-09-27,Senegal,Digital Lending,8.85,0,0,0,77878.18,-65.95,21558.5,27.68,0,0.0,Series A,0.0,29264,36.2,3589426.07,62732,57.22,0,1.57,11.82,0.18,0.65,0.65,0
FT030,WaveHub,5,2020,1,2020-12-26,Senegal,Digital Lending,9.1,0,0,0,100692.03,-65.8,45938.55,45.62,0,0.0,Series A,0.0,29390,36.79,3604963.99,165791,21.74,0,3.69,14.6,0.18,0.65,0.65,1
FT030,WaveHub,6,2021,2,2021-03-26,Senegal,Digital Lending,9.35,0,0,0,135089.12,-51.09,35676.14,26.41,0,0.0,Series A,0.0,42031,95.63,5155439.15,234603,21.98,0,3.45,7.15,0.18,0.65,0.65,2
FT030,WaveHub,7,2021,3,2021-06-24,Senegal,Digital Lending,9.6,0,0,0,67262.03,-60.44,18253.23,27.14,0,0.0,Series A,0.0,34001,58.25,4170433.16,106526,39.15,0,2.21,6.11,0.18,0.65,0.65,3
FT030,WaveHub,8,2021,4,2021-09-22,Senegal,Digital Lending,9.85,0,0,0,69776.79,-50.74,24672.07,35.36,0,0.0,Series A,0.0,42338,97.06,5193043.57,106976,48.54,0,1.48,13.77,0.18,0.65,0.65,0
FT030,WaveHub,9,2021,1,2021-12-21,Senegal,Digital Lending,10.1,0,0,0,77107.42,-29.68,22516.06,29.2,0,0.0,Series A,0.0,60430,181.26,7412209.64,504963,14.68,0,1.36,12.21,0.18,0.65,0.65,1
FT030,WaveHub,10,2022,2,2022-03-21,Senegal,Digital Lending,10.35,0,0,0,202882.44,-32.79,31767.05,15.66,0,0.0,Series A,0.0,57764,168.85,7085168.33,350881,20.19,0,4.85,5.77,0.18,0.65,0.65,2
FT030,WaveHub,11,2022,3,2022-06-19,Senegal,Digital Lending,10.6,0,0,0,98318.71,-35.29,29549.94,30.06,0,0.0,Series A,0.0,55615,158.85,6821519.62,177046,38.53,0,2.08,7.76,0.18,0.65,0.65,3
FT030,WaveHub,12,2022,4,2022-09-17,Senegal,Digital Lending,10.85,0,0,0,198195.48,-25.39,70427.55,35.53,0,0.0,Series A,0.0,64121,198.44,7864865.4,419879,18.73,0,4.56,12.03,0.18,0.65,0.65,0
FT030,WaveHub,13,2022,1,2022-12-16,Senegal,Digital Lending,11.1,0,0,0,241573.1,-9.48,40714.99,16.85,0,0.0,Series A,0.0,77793,262.08,9541867.04,572593,16.66,0,1.96,12.3,0.18,0.65,0.65,1
FT030,WaveHub,14,2023,2,2023-03-16,Senegal,Digital Lending,11.35,0,0,0,216678.24,-4.4,77515.61,35.77,0,0.0,Series A,0.0,82160,282.4,10077489.64,523840,19.24,0,2.45,12.02,0.18,0.65,0.65,2
FT030,WaveHub,15,2023,3,2023-06-14,Senegal,Digital Lending,11.6,0,0,0,135005.91,-16.74,40987.29,30.36,0,0.0,Series A,0.0,71551,233.02,8776173.56,285399,30.75,0,1.64,13.14,0.18,0.65,0.65,3
FT030,WaveHub,16,2023,4,2023-09-12,Senegal,Digital Lending,11.85,0,0,0,338370.66,19.23,92097.37,27.22,0,0.0,Series A,0.0,102468,376.92,12568329.76,756415,16.62,0,2.77,5.91,0.18,0.65,0.65,0
FT031,PrimeAfrica,1,2020,1,2020-01-01,Ghana,Remittance,2.6,0,0,0,89904.57,0.0,24073.49,26.78,0,0.0,Series A,0.0,32992,7.42,3268095.78,248702,13.14,0,3.45,8.29,0.3,0.65,0.6,1
FT031,PrimeAfrica,2,2020,2,2020-03-31,Ghana,Remittance,2.85,0,0,0,88244.75,-74.91,26223.56,29.72,0,0.0,Series A,0.0,30824,0.37,3053400.66,189319,16.13,0,3.28,12.95,0.3,0.65,0.6,2
FT031,PrimeAfrica,3,2020,3,2020-06-29,Ghana,Remittance,3.1,0,0,0,86271.01,-73.96,24333.83,28.21,0,0.0,Series A,0.0,31986,4.15,3168424.82,196168,16.15,0,3.13,16.04,0.3,0.65,0.6,3
FT031,PrimeAfrica,4,2020,4,2020-09-27,Ghana,Remittance,3.35,0,0,0,104055.35,-70.43,27649.05,26.57,0,0.0,Series A,0.0,36329,18.29,3598664.17,249641,14.42,0,3.45,15.92,0.3,0.65,0.6,0
FT031,PrimeAfrica,5,2020,1,2020-12-26,Ghana,Remittance,3.6,0,0,0,53760.09,-66.97,18589.17,34.58,0,0.0,Series A,0.0,40570,32.1,4018794.2,323021,12.44,0,1.79,11.32,0.3,0.65,0.6,1
FT031,PrimeAfrica,6,2021,2,2021-03-26,Ghana,Remittance,3.85,0,0,0,126787.68,-61.02,44677.3,35.24,0,0.0,Series A,0.0,47886,55.92,4743477.78,144121,32.91,0,2.68,14.15,0.3,0.65,0.6,2
FT031,PrimeAfrica,7,2021,3,2021-06-24,Ghana,Remittance,4.1,0,0,0,114361.33,-61.15,35583.41,31.11,0,0.0,Series A,0.0,47731,55.42,4728062.91,299733,15.77,0,2.87,11.06,0.3,0.65,0.6,3
FT031,PrimeAfrica,8,2021,4,2021-09-22,Ghana,Remittance,4.35,0,0,0,119512.53,-59.93,47318.16,39.59,0,0.0,Series A,0.0,49230,60.3,4876583.28,358181,13.61,0,1.33,18.73,0.3,0.65,0.6,0
FT031,PrimeAfrica,9,2021,1,2021-12-21,Ghana,Remittance,4.6,0,0,0,95927.43,-47.36,24167.37,25.19,0,0.0,Series A,0.0,64665,110.55,6405480.91,257734,24.85,0,1.32,8.19,0.3,0.65,0.6,1
FT031,PrimeAfrica,10,2022,2,2022-03-21,Ghana,Remittance,4.85,0,0,0,133779.33,-47.36,30905.3,23.1,0,0.0,Series A,0.0,64665,110.55,6405477.23,133487,47.99,0,1.75,13.08,0.3,0.65,0.6,2
FT031,PrimeAfrica,11,2022,3,2022-06-19,Ghana,Remittance,5.1,0,0,0,118744.27,-51.59,32747.03,27.58,0,0.0,Series A,0.0,59476,93.66,5891508.24,269415,21.87,0,1.14,14.9,0.3,0.65,0.6,3
FT031,PrimeAfrica,12,2022,4,2022-09-17,Ghana,Remittance,5.35,0,0,0,113798.18,-48.91,29422.38,25.85,0,0.0,Series A,0.0,62767,104.37,6217489.89,349750,17.78,0,2.39,14.72,0.3,0.65,0.6,0
FT031,PrimeAfrica,13,2022,1,2022-12-16,Ghana,Remittance,5.6,0,0,0,130208.29,-57.27,43392.45,33.33,0,0.0,Series A,0.0,52490,70.91,5199536.88,204389,25.44,0,3.71,11.98,0.3,0.65,0.6,1
FT031,PrimeAfrica,14,2023,2,2023-03-16,Ghana,Remittance,5.85,0,0,0,55597.61,-72.97,24919.13,44.82,0,0.0,Series A,0.0,33210,8.13,3289733.7,249876,13.17,0,1.2,6.41,0.3,0.65,0.6,2
FT031,PrimeAfrica,15,2023,3,2023-06-14,Ghana,Remittance,6.1,0,0,0,28777.4,-79.17,4875.83,16.94,0,0.0,Series A,0.0,25591,-16.67,2534985.55,62697,40.43,0,0.7,12.97,0.3,0.65,0.6,3
FT031,PrimeAfrica,16,2023,4,2023-09-12,Ghana,Remittance,6.35,1,1,1,11.17,-99.99,2.59,23.2,0,0.0,Series A,0.0,1000,-96.74,638.23,4092,0.16,0,0.01,36.98,0.3,0.65,0.6,0
FT032,DigiFinance,1,2020,1,2020-01-01,Senegal,Payment Gateway,2.0,0,0,0,14368.1,0.0,3780.3,26.31,0,0.0,Seed,0.0,11267,35.85,760874.55,50163,15.17,0,1.74,5.35,0.18,0.65,0.65,1
FT032,DigiFinance,2,2020,2,2020-03-31,Senegal,Payment Gateway,2.25,0,0,0,12381.68,-71.24,2545.49,20.56,0,0.0,Seed,0.0,9542,15.05,644386.98,63628,10.13,0,1.63,7.86,0.18,0.65,0.65,2
FT032,DigiFinance,3,2020,3,2020-06-29,Senegal,Payment Gateway,2.5,0,0,0,8140.98,-69.58,2357.71,28.96,0,4333069.21,Seed,4333069.21,10090,21.66,681405.06,64885,10.5,0,0.59,13.85,0.18,0.65,0.65,3
FT032,DigiFinance,4,2020,4,2020-09-27,Senegal,Payment Gateway,2.75,0,0,0,21612.66,-63.67,9473.19,43.83,0,0.0,Seed,0.0,12054,45.34,814021.69,48505,16.78,0,1.32,5.97,0.18,0.65,0.65,0
FT032,DigiFinance,5,2020,1,2020-12-26,Senegal,Payment Gateway,3.0,0,0,0,18422.96,-55.18,4595.53,24.94,0,0.0,Seed,0.0,14868,79.27,1004091.41,61300,16.38,0,1.23,8.72,0.18,0.65,0.65,1
FT032,DigiFinance,6,2021,2,2021-03-26,Senegal,Payment Gateway,3.25,0,0,0,24678.94,-62.1,10573.06,42.84,0,0.0,Seed,0.0,12572,51.58,849005.52,33200,25.57,0,1.61,6.98,0.18,0.65,0.65,2
FT032,DigiFinance,7,2021,3,2021-06-24,Senegal,Payment Gateway,3.5,0,0,0,11598.28,-58.51,3525.96,30.4,0,0.0,Seed,0.0,13765,65.97,929579.07,71970,12.92,0,1.11,10.97,0.18,0.65,0.65,3
FT032,DigiFinance,8,2021,4,2021-09-22,Senegal,Payment Gateway,3.75,0,0,0,35308.09,-45.86,9839.61,27.87,0,0.0,Seed,0.0,17961,116.56,1212962.77,44312,27.37,0,2.66,5.39,0.18,0.65,0.65,0
FT032,DigiFinance,9,2021,1,2021-12-21,Senegal,Payment Gateway,4.0,0,0,0,46410.76,-26.5,7353.17,15.84,0,0.0,Seed,0.0,24384,194.01,1646703.43,204085,8.07,0,1.49,8.28,0.18,0.65,0.65,1
FT032,DigiFinance,10,2022,2,2022-03-21,Senegal,Payment Gateway,4.25,0,0,0,25545.06,-36.18,9173.56,35.91,0,0.0,Seed,0.0,21172,155.28,1429781.17,90241,15.84,0,0.81,8.51,0.18,0.65,0.65,2
FT032,DigiFinance,11,2022,3,2022-06-19,Senegal,Payment Gateway,4.5,0,0,0,36781.77,-28.34,13220.7,35.94,0,0.0,Seed,0.0,23773,186.64,1605441.68,137720,11.66,0,1.36,9.59,0.18,0.65,0.65,3
FT032,DigiFinance,12,2022,4,2022-09-17,Senegal,Payment Gateway,4.75,0,0,0,26520.41,-23.53,3133.22,11.81,0,0.0,Seed,0.0,25369,205.88,1713231.09,56797,30.16,0,0.57,7.13,0.18,0.65,0.65,0
FT032,DigiFinance,13,2022,1,2022-12-16,Senegal,Payment Gateway,5.0,0,0,0,55089.51,-2.69,15535.9,28.2,0,0.0,Seed,0.0,32281,289.22,2180008.57,101101,21.56,0,2.18,8.85,0.18,0.65,0.65,1
FT032,DigiFinance,14,2023,2,2023-03-16,Senegal,Payment Gateway,5.25,0,0,0,28131.83,-9.27,7966.45,28.32,0,0.0,Seed,0.0,30098,262.9,2032599.08,173545,11.71,0,1.3,11.82,0.18,0.65,0.65,2
FT032,DigiFinance,15,2023,3,2023-06-14,Senegal,Payment Gateway,5.5,0,0,0,30484.88,-20.51,10700.35,35.1,0,0.0,Seed,0.0,26369,217.94,1780746.56,137975,12.91,0,1.02,6.64,0.18,0.65,0.65,3
FT032,DigiFinance,16,2023,4,2023-09-12,Senegal,Payment Gateway,5.75,0,0,0,32546.82,-1.51,10137.08,31.15,0,0.0,Seed,0.0,32675,293.97,2206613.87,103910,21.24,0,1.19,9.06,0.18,0.65,0.65,0
FT033,M-,1,2020,1,2020-01-01,Ethiopia,Remittance,9.0,0,0,0,197996.98,0.0,50425.33,25.47,0,0.0,Bootstrapped,0.0,114445,37.42,16232903.56,387859,41.85,0,0.91,12.7,0.5,0.55,0.5,1
FT033,M-,2,2020,2,2020-03-31,Ethiopia,Remittance,9.25,0,0,0,155109.53,-70.46,51167.02,32.99,0,0.0,Bootstrapped,0.0,98387,18.14,13955202.76,383375,36.4,0,0.92,6.91,0.5,0.55,0.5,2
FT033,M-,3,2020,3,2020-06-29,Ethiopia,Remittance,9.5,0,0,0,133655.33,-72.05,50599.03,37.86,0,0.0,Bootstrapped,0.0,93104,11.8,13205820.65,625515,21.11,0,2.05,7.06,0.5,0.55,0.5,3
FT033,M-,4,2020,4,2020-09-27,Ethiopia,Remittance,9.75,0,0,0,233300.83,-65.02,56540.77,24.24,0,0.0,Bootstrapped,0.0,116522,39.92,16527535.24,908288,18.2,0,2.11,11.04,0.5,0.55,0.5,0
FT033,M-,5,2020,1,2020-12-26,Ethiopia,Remittance,10.0,0,0,0,322591.05,-58.76,88266.98,27.36,0,0.0,Bootstrapped,0.0,137366,64.95,19483943.1,1133108,17.2,0,3.41,13.21,0.5,0.55,0.5,1
FT033,M-,6,2021,2,2021-03-26,Ethiopia,Remittance,10.25,0,0,0,537923.66,-58.78,235968.97,43.87,0,0.0,Bootstrapped,0.0,137319,64.89,19477353.31,766868,25.4,0,2.85,13.28,0.5,0.55,0.5,2
FT033,M-,7,2021,3,2021-06-24,Ethiopia,Remittance,10.5,0,0,0,577796.28,-58.17,180977.25,31.32,0,0.0,Bootstrapped,0.0,139358,67.34,19766548.75,508310,38.89,0,5.84,11.41,0.5,0.55,0.5,3
FT033,M-,8,2021,4,2021-09-22,Ethiopia,Remittance,10.75,0,0,0,690436.28,-44.3,238125.48,34.49,0,0.0,Bootstrapped,0.0,185535,122.79,26316235.14,1219530,21.58,0,3.21,13.81,0.5,0.55,0.5,0
FT033,M-,9,2021,1,2021-12-21,Ethiopia,Remittance,11.0,0,0,0,779182.56,-36.82,196339.51,25.2,0,0.0,Bootstrapped,0.0,210459,152.71,29851511.85,1493151,19.99,0,3.34,12.53,0.5,0.55,0.5,1
FT033,M-,10,2022,2,2022-03-21,Ethiopia,Remittance,11.25,0,0,0,772290.38,-34.57,232965.01,30.17,0,0.0,Bootstrapped,0.0,217973,161.74,30917260.26,1024931,30.17,0,4.43,11.16,0.5,0.55,0.5,2
FT033,M-,11,2022,3,2022-06-19,Ethiopia,Remittance,11.5,0,0,0,529295.52,-43.0,139384.4,26.33,0,0.0,Bootstrapped,0.0,189886,128.01,26933383.71,1109406,24.28,0,4.06,9.9,0.5,0.55,0.5,3
FT033,M-,12,2022,4,2022-09-17,Ethiopia,Remittance,11.75,0,0,0,889023.42,-32.7,225397.97,25.35,0,0.0,Bootstrapped,0.0,224177,169.19,31797278.18,1087393,29.24,0,3.75,6.65,0.5,0.55,0.5,0
FT033,M-,13,2022,1,2022-12-16,Ethiopia,Remittance,12.0,0,0,0,954090.35,-3.91,308884.67,32.37,0,0.0,Bootstrapped,0.0,320110,284.38,45404314.33,2477029,18.33,0,3.67,13.55,0.5,0.55,0.5,1
FT033,M-,14,2023,2,2023-03-16,Ethiopia,Remittance,12.25,0,0,0,795278.53,-21.61,240157.31,30.2,0,0.0,Bootstrapped,0.0,261134,213.56,37039201.32,2050544,18.06,0,4.26,6.61,0.5,0.55,0.5,2
FT033,M-,15,2023,3,2023-06-14,Ethiopia,Remittance,12.5,0,0,0,814845.82,-3.51,191002.62,23.44,0,0.0,Bootstrapped,0.0,321431,285.97,45591619.91,1615347,28.22,0,3.47,6.28,0.5,0.55,0.5,3
FT033,M-,16,2023,4,2023-09-12,Ethiopia,Remittance,12.75,0,0,0,1283308.86,0.78,484535.29,37.76,0,0.0,Bootstrapped,0.0,335706,303.11,47616456.37,2236067,21.29,0,4.61,11.05,0.5,0.55,0.5,0
FT034,M-Pro,1,2020,1,2020-01-01,Nigeria,Remittance,5.9,0,0,0,541901.21,0.0,120462.86,22.23,0,0.0,Series A,0.0,167745,28.33,23219147.68,1318873,17.61,0,4.62,10.79,1.0,0.7,0.6,1
FT034,M-Pro,2,2020,2,2020-03-31,Nigeria,Remittance,6.15,0,0,0,195735.35,-75.54,64694.92,33.05,0,0.0,Series A,0.0,127895,-2.15,17703138.44,454465,38.95,0,1.58,11.18,1.0,0.7,0.6,2
FT034,M-Pro,3,2020,3,2020-06-29,Nigeria,Remittance,6.4,0,0,0,425656.55,-73.68,68322.13,16.05,0,0.0,Series A,0.0,137627,5.29,19050248.28,529944,35.95,0,3.9,11.46,1.0,0.7,0.6,3
FT034,M-Pro,4,2020,4,2020-09-27,Nigeria,Remittance,6.65,0,0,0,633739.63,-62.47,161496.03,25.48,0,0.0,Series A,0.0,196214,50.11,27159827.75,618494,43.91,0,3.32,8.76,1.0,0.7,0.6,0
FT034,M-Pro,5,2020,1,2020-12-26,Nigeria,Remittance,6.9,0,0,0,373263.12,-62.4,147721.69,39.58,0,0.0,Series A,0.0,196610,50.42,27214615.22,1477357,18.42,0,1.78,8.16,1.0,0.7,0.6,1
FT034,M-Pro,6,2021,2,2021-03-26,Nigeria,Remittance,7.15,0,0,0,540443.78,-55.92,69661.82,12.89,0,0.0,Series A,0.0,230483,76.33,31903322.76,1232859,25.88,0,1.94,12.99,1.0,0.7,0.6,2
FT034,M-Pro,7,2021,3,2021-06-24,Nigeria,Remittance,7.4,0,0,0,884652.17,-56.98,342392.61,38.7,0,0.0,Series A,0.0,224954,72.1,31137973.19,813466,38.28,0,3.87,6.15,1.0,0.7,0.6,3
FT034,M-Pro,8,2021,4,2021-09-22,Nigeria,Remittance,7.65,0,0,0,733058.56,-50.25,241792.62,32.98,0,0.0,Series A,0.0,260111,99.0,36004472.03,2037909,17.67,0,2.62,6.04,1.0,0.7,0.6,0
FT034,M-Pro,9,2021,1,2021-12-21,Nigeria,Remittance,7.9,0,0,0,1083246.22,-41.01,403237.44,37.22,0,0.0,Series A,0.0,308408,135.95,42689602.72,1706241,25.02,0,1.88,5.8,1.0,0.7,0.6,1
FT034,M-Pro,10,2022,2,2022-03-21,Nigeria,Remittance,8.15,0,0,0,532383.17,-40.48,214757.92,40.34,0,0.0,Series A,0.0,311192,138.08,43074990.27,2179895,19.76,0,1.3,9.68,1.0,0.7,0.6,2
FT034,M-Pro,11,2022,3,2022-06-19,Nigeria,Remittance,8.4,0,0,0,964544.03,-37.77,357274.85,37.04,0,0.0,Series A,0.0,325345,148.9,45033974.92,1600408,28.14,0,2.57,6.29,1.0,0.7,0.6,3
FT034,M-Pro,12,2022,4,2022-09-17,Nigeria,Remittance,8.65,0,0,0,1530898.86,-27.87,203564.98,13.3,0,0.0,Series A,0.0,377142,188.53,52203699.64,2488977,20.97,0,4.87,8.24,1.0,0.7,0.6,0
FT034,M-Pro,13,2022,1,2022-12-16,Nigeria,Remittance,8.9,0,0,0,1555742.21,-14.55,591195.12,38.0,0,0.0,Series A,0.0,446794,241.82,61844935.52,2404339,25.72,0,1.94,10.35,1.0,0.7,0.6,1
FT034,M-Pro,14,2023,2,2023-03-16,Nigeria,Remittance,9.15,0,0,0,1795519.59,11.72,611858.76,34.08,0,0.0,Series A,0.0,584115,346.87,80852818.99,4367313,18.51,0,4.16,11.12,1.0,0.7,0.6,2
FT034,M-Pro,15,2023,3,2023-06-14,Nigeria,Remittance,9.4,0,0,0,1743427.8,-17.71,529932.58,30.4,0,0.0,Series A,0.0,430259,229.17,59556105.82,811705,73.37,0,4.79,15.04,1.0,0.7,0.6,3
FT034,M-Pro,16,2023,4,2023-09-12,Nigeria,Remittance,9.65,0,0,0,1007320.43,11.15,232072.78,23.04,0,0.0,Series A,0.0,581148,344.6,80442084.39,3169576,25.38,0,2.39,12.06,1.0,0.7,0.6,0
FT035,InstantMoney,1,2020,1,2020-01-01,Kenya,Remittance,7.7,0,0,0,781266.92,0.0,166128.84,21.26,0,0.0,Series B,0.0,83876,15.94,27727577.43,296237,93.6,0,6.37,13.19,0.4,0.8,0.7,1
FT035,InstantMoney,2,2020,2,2020-03-31,Kenya,Remittance,7.95,0,0,0,386044.8,-72.2,142299.52,36.86,0,0.0,Series B,0.0,80449,11.21,26594816.24,389771,68.23,0,4.65,6.8,0.4,0.8,0.7,2
FT035,InstantMoney,3,2020,3,2020-06-29,Kenya,Remittance,8.2,0,0,0,511389.6,-71.12,195716.46,38.27,0,4735342.72,Seed,4735342.72,83573,15.52,27627578.35,497504,55.53,0,8.06,14.55,0.4,0.8,0.7,3
FT035,InstantMoney,4,2020,4,2020-09-27,Kenya,Remittance,8.45,0,0,0,694496.41,-65.04,166512.12,23.98,0,0.0,Series B,0.0,101162,39.84,33441886.12,254952,131.17,0,4.35,15.07,0.4,0.8,0.7,0
FT035,InstantMoney,5,2020,1,2020-12-26,Kenya,Remittance,8.7,0,0,0,578350.36,-61.02,169690.2,29.34,0,0.0,Series B,0.0,112789,55.91,37285658.55,946524,39.39,0,7.33,7.4,0.4,0.8,0.7,1
FT035,InstantMoney,6,2021,2,2021-03-26,Kenya,Remittance,8.95,0,0,0,1182289.35,-50.11,484497.99,40.98,0,0.0,Series B,0.0,144380,99.58,47728921.64,980049,48.7,0,6.59,15.57,0.4,0.8,0.7,2
FT035,InstantMoney,7,2021,3,2021-06-24,Kenya,Remittance,9.2,0,0,0,822071.88,-51.02,207758.75,25.27,0,0.0,Series B,0.0,141744,95.93,46857627.12,1002659,46.73,0,3.95,15.2,0.4,0.8,0.7,3
FT035,InstantMoney,8,2021,4,2021-09-22,Kenya,Remittance,9.45,0,0,0,905539.34,-42.71,244505.15,27.0,0,0.0,Series B,0.0,165770,129.14,54800100.67,549134,99.79,0,5.16,13.04,0.4,0.8,0.7,0
FT035,InstantMoney,9,2021,1,2021-12-21,Kenya,Remittance,9.7,0,0,0,1013737.38,-38.01,414137.09,40.85,0,0.0,Series B,0.0,179373,147.95,59296946.08,593533,99.91,0,7.82,6.84,0.4,0.8,0.7,1
FT035,InstantMoney,10,2022,2,2022-03-21,Kenya,Remittance,9.95,0,0,0,1145495.68,-48.59,316057.78,27.59,0,0.0,Series B,0.0,148751,105.62,49173912.75,831049,59.17,0,7.74,5.33,0.4,0.8,0.7,2
FT035,InstantMoney,11,2022,3,2022-06-19,Kenya,Remittance,10.2,0,0,0,1151325.92,-30.69,253345.03,22.0,0,0.0,Series B,0.0,200562,177.24,66301513.38,402601,164.68,0,8.09,12.78,0.4,0.8,0.7,3
FT035,InstantMoney,12,2022,4,2022-09-17,Kenya,Remittance,10.45,0,0,0,2136779.37,-13.94,503743.88,23.57,0,0.0,Series B,0.0,249027,244.23,82322841.02,1367761,60.19,0,7.6,15.4,0.4,0.8,0.7,0
FT035,InstantMoney,13,2022,1,2022-12-16,Kenya,Remittance,10.7,0,0,0,1640106.91,-12.57,617181.69,37.63,0,0.0,Series B,0.0,252985,249.7,83631139.56,1997451,41.87,0,8.93,7.39,0.4,0.8,0.7,1
FT035,InstantMoney,14,2023,2,2023-03-16,Kenya,Remittance,10.95,0,0,0,1906207.09,-5.8,561776.16,29.47,0,0.0,Series B,0.0,272589,276.8,90111916.17,1896888,47.51,0,5.53,10.18,0.4,0.8,0.7,2
FT035,InstantMoney,15,2023,3,2023-06-14,Kenya,Remittance,11.2,0,0,0,1045912.81,-13.1,297476.95,28.44,0,0.0,Series B,0.0,251473,247.61,83131506.19,714297,116.38,0,3.03,6.99,0.4,0.8,0.7,3
FT035,InstantMoney,16,2023,4,2023-09-12,Kenya,Remittance,11.45,0,0,0,3293718.04,19.56,769971.95,23.38,0,0.0,Series B,0.0,345974,378.24,114371216.37,1382642,82.72,0,6.47,14.61,0.4,0.8,0.7,0
FT036,InstantPlus,1,2020,1,2020-01-01,South Africa,Crypto Exchange,2.1,0,0,0,487923.54,0.0,237988.75,48.78,0,0.0,Series A,0.0,96523,23.79,35651215.88,391887,90.97,0,3.21,10.33,0.8,0.9,0.75,1
FT036,InstantPlus,2,2020,2,2020-03-31,South Africa,Crypto Exchange,2.35,0,0,0,608374.41,-71.56,205556.55,33.79,0,7737954.0,Seed,7737954.0,88713,13.77,32766372.01,499931,65.54,0,9.55,9.96,0.8,0.9,0.75,2
FT036,InstantPlus,3,2020,3,2020-06-29,South Africa,Crypto Exchange,2.6,0,0,0,782760.49,-75.51,198860.32,25.41,0,0.0,Series A,0.0,76374,-2.05,28209119.36,297990,94.66,0,14.62,15.61,0.8,0.9,0.75,3
FT036,InstantPlus,4,2020,4,2020-09-27,South Africa,Crypto Exchange,2.85,0,0,0,996718.98,-54.6,251658.35,25.25,0,0.0,Series A,0.0,141608,81.61,52303370.51,715652,73.08,0,7.6,8.35,0.8,0.9,0.75,0
FT036,InstantPlus,5,2020,1,2020-12-26,South Africa,Crypto Exchange,3.1,0,0,0,515857.64,-59.66,189720.68,36.78,0,0.0,Series A,0.0,125832,61.38,46476483.02,1106319,42.01,0,3.85,10.79,0.8,0.9,0.75,1
FT036,InstantPlus,6,2021,2,2021-03-26,South Africa,Crypto Exchange,3.35,0,0,0,682821.4,-63.7,288125.12,42.2,0,0.0,Series A,0.0,113214,45.19,41816120.75,402221,103.96,0,8.71,8.91,0.8,0.9,0.75,2
FT036,InstantPlus,7,2021,3,2021-06-24,South Africa,Crypto Exchange,3.6,0,0,0,1390090.78,-53.97,405991.22,29.21,0,0.0,Series A,0.0,143573,84.13,53029228.91,263225,201.46,0,14.14,11.08,0.8,0.9,0.75,3
FT036,InstantPlus,8,2021,4,2021-09-22,South Africa,Crypto Exchange,3.85,0,0,0,914403.95,-47.62,248196.19,27.14,0,0.0,Series A,0.0,163383,109.54,60346180.78,340682,177.13,0,8.37,8.41,0.8,0.9,0.75,0
FT036,InstantPlus,9,2021,1,2021-12-21,South Africa,Crypto Exchange,4.1,0,0,0,1149247.81,-25.46,153821.36,13.38,0,0.0,Series A,0.0,232494,198.17,85872179.62,1133933,75.73,0,5.45,7.76,0.8,0.9,0.75,1
FT036,InstantPlus,10,2022,2,2022-03-21,South Africa,Crypto Exchange,4.35,0,0,0,2092530.85,-24.0,416224.39,19.89,0,0.0,Series A,0.0,237052,204.01,87555780.47,1247538,70.18,0,7.69,13.58,0.8,0.9,0.75,2
FT036,InstantPlus,11,2022,3,2022-06-19,South Africa,Crypto Exchange,4.6,0,0,0,1257398.66,-41.43,310337.84,24.68,0,0.0,Series A,0.0,182673,134.27,67470974.77,671063,100.54,0,7.41,8.99,0.8,0.9,0.75,3
FT036,InstantPlus,12,2022,4,2022-09-17,South Africa,Crypto Exchange,4.85,0,0,0,1119285.27,-34.2,396476.38,35.42,0,0.0,Series A,0.0,205231,163.2,75802581.99,1407858,53.84,0,2.78,12.26,0.8,0.9,0.75,0
FT036,InstantPlus,13,2022,1,2022-12-16,South Africa,Crypto Exchange,5.1,0,0,0,1564769.57,-36.6,468528.99,29.94,0,0.0,Series A,0.0,197746,153.6,73038216.82,1697054,43.04,0,10.82,11.56,0.8,0.9,0.75,1
FT036,InstantPlus,14,2023,2,2023-03-16,South Africa,Crypto Exchange,5.35,0,0,0,1892615.14,-5.8,737987.49,38.99,0,0.0,Series A,0.0,293801,276.79,108516088.33,1853321,58.55,0,8.81,7.94,0.8,0.9,0.75,2
FT036,InstantPlus,15,2023,3,2023-06-14,South Africa,Crypto Exchange,5.6,0,0,0,2739198.49,-18.94,950810.78,34.71,0,0.0,Series A,0.0,252833,224.25,93384596.58,1677800,55.66,0,12.87,8.26,0.8,0.9,0.75,3
FT036,InstantPlus,16,2023,4,2023-09-12,South Africa,Crypto Exchange,5.85,0,0,0,1186229.28,-6.67,489774.57,41.29,0,0.0,Series A,0.0,291090,273.32,107515042.56,1868459,57.54,0,3.32,10.58,0.8,0.9,0.75,0
FT037,CashFinance,1,2020,1,2020-01-01,Ghana,Payment Gateway,1.8,0,0,0,90309.61,0.0,28485.76,31.54,0,0.0,Series A,0.0,22298,4.77,3044128.94,133903,22.73,0,4.48,6.18,0.3,0.65,0.6,1
FT037,CashFinance,2,2020,2,2020-03-31,Ghana,Payment Gateway,2.05,0,0,0,31096.15,-76.28,7240.9,23.29,0,0.0,Series A,0.0,20190,-5.13,2756288.33,122376,22.52,0,2.07,5.57,0.3,0.65,0.6,2
FT037,CashFinance,3,2020,3,2020-06-29,Ghana,Payment Gateway,2.3,0,0,0,43205.05,-70.67,12737.08,29.48,0,0.0,Series A,0.0,24967,17.32,3408530.95,74276,45.89,0,1.47,11.76,0.3,0.65,0.6,3
FT037,CashFinance,4,2020,4,2020-09-27,Ghana,Payment Gateway,2.55,0,0,0,59099.39,-59.36,23303.13,39.43,0,0.0,Series A,0.0,34597,62.57,4723088.54,182284,25.91,0,1.56,12.64,0.3,0.65,0.6,0
FT037,CashFinance,5,2020,1,2020-12-26,Ghana,Payment Gateway,2.8,0,0,0,141470.67,-58.77,21084.68,14.9,0,0.0,Series A,0.0,35093,64.9,4790885.04,167746,28.56,0,2.29,8.58,0.3,0.65,0.6,1
FT037,CashFinance,6,2021,2,2021-03-26,Ghana,Payment Gateway,3.05,0,0,0,89475.07,-61.73,15460.38,17.28,0,0.0,Series A,0.0,32577,53.07,4447399.26,117302,37.91,0,2.36,12.47,0.3,0.65,0.6,2
FT037,CashFinance,7,2021,3,2021-06-24,Ghana,Payment Gateway,3.3,0,0,0,49108.22,-58.56,17300.22,35.23,0,0.0,Series A,0.0,35279,65.77,4816159.71,197155,24.43,0,1.76,8.44,0.3,0.65,0.6,3
FT037,CashFinance,8,2021,4,2021-09-22,Ghana,Payment Gateway,3.55,0,0,0,95462.51,-48.27,25329.16,26.53,0,0.0,Series A,0.0,44039,106.93,6012123.15,302537,19.87,0,3.22,7.61,0.3,0.65,0.6,0
FT037,CashFinance,9,2021,1,2021-12-21,Ghana,Payment Gateway,3.8,0,0,0,107421.89,-29.58,25350.13,23.6,0,0.0,Series A,0.0,59942,181.66,8183126.58,493901,16.57,0,1.75,8.75,0.3,0.65,0.6,1
FT037,CashFinance,10,2022,2,2022-03-21,Ghana,Payment Gateway,4.05,0,0,0,237454.97,-26.45,61689.5,25.98,0,0.0,Series A,0.0,62613,194.21,8547691.27,342861,24.93,0,2.09,7.7,0.3,0.65,0.6,2
FT037,CashFinance,11,2022,3,2022-06-19,Ghana,Payment Gateway,4.3,0,0,0,117392.83,-49.7,45057.31,38.38,0,0.0,Series A,0.0,42819,101.2,5845482.93,119102,49.08,0,1.74,14.99,0.3,0.65,0.6,3
FT037,CashFinance,12,2022,4,2022-09-17,Ghana,Payment Gateway,4.55,0,0,0,212517.0,-24.29,68766.63,32.36,0,0.0,Series A,0.0,64453,202.85,8798996.91,464462,18.94,0,4.18,6.45,0.3,0.65,0.6,0
FT037,CashFinance,13,2022,1,2022-12-16,Ghana,Payment Gateway,4.8,0,0,0,271013.14,1.71,82004.74,30.26,0,6570148.71,Series C,6570148.71,86583,306.84,11820106.11,520409,22.71,0,1.82,9.82,0.3,0.65,0.6,1
FT037,CashFinance,14,2023,2,2023-03-16,Ghana,Payment Gateway,5.05,0,0,0,233405.9,-3.94,78188.19,33.5,0,0.0,Series A,0.0,81771,284.23,11163174.83,307126,36.35,0,1.89,6.35,0.3,0.65,0.6,2
FT037,CashFinance,15,2023,3,2023-06-14,Ghana,Payment Gateway,5.3,0,0,0,185136.93,-30.71,29763.15,16.08,0,0.0,Series A,0.0,58986,177.17,8052540.62,140165,57.45,0,1.81,6.43,0.3,0.65,0.6,3
FT037,CashFinance,16,2023,4,2023-09-12,Ghana,Payment Gateway,5.55,0,0,0,234837.1,33.39,98833.1,42.09,0,0.0,Series A,0.0,113548,433.54,15501224.31,260689,59.46,0,2.98,11.66,0.3,0.65,0.6,0
FT038,Digi,1,2020,1,2020-01-01,Rwanda,Crypto Exchange,1.0,0,0,0,257850.82,0.0,59891.82,23.23,0,0.0,Seed,0.0,30617,21.03,11318103.97,122947,92.06,0,6.56,18.05,0.15,0.75,0.7,1
FT038,Digi,2,2020,2,2020-03-31,Rwanda,Crypto Exchange,1.25,0,0,0,240662.56,-73.12,45162.5,18.77,0,0.0,Seed,0.0,27201,7.53,10055351.34,58424,172.11,0,13.06,7.13,0.15,0.75,0.7,2
FT038,Digi,3,2020,3,2020-06-29,Rwanda,Crypto Exchange,1.5,0,0,0,134265.32,-71.44,23290.48,17.35,0,0.0,Seed,0.0,28902,14.25,10683960.93,153054,69.81,0,4.36,6.81,0.15,0.75,0.7,3
FT038,Digi,4,2020,4,2020-09-27,Rwanda,Crypto Exchange,1.75,0,0,0,354326.9,-64.29,94899.89,26.78,0,0.0,Seed,0.0,36132,42.83,13356811.36,150806,88.57,0,9.09,12.23,0.15,0.75,0.7,0
FT038,Digi,5,2020,1,2020-12-26,Rwanda,Crypto Exchange,2.0,0,0,0,295824.52,-61.43,86462.2,29.23,0,0.0,Seed,0.0,39025,54.27,14425985.32,166125,86.84,0,7.41,10.79,0.15,0.75,0.7,1
FT038,Digi,6,2021,2,2021-03-26,Rwanda,Crypto Exchange,2.25,0,0,0,337893.71,-61.14,102485.49,30.33,0,0.0,Seed,0.0,39323,55.45,14536412.13,239676,60.65,0,5.37,14.58,0.15,0.75,0.7,2
FT038,Digi,7,2021,3,2021-06-24,Rwanda,Crypto Exchange,2.5,0,0,0,369330.92,-64.5,117569.74,31.83,0,0.0,Seed,0.0,35917,41.98,13277336.25,233329,56.9,0,12.04,16.67,0.15,0.75,0.7,3
FT038,Digi,8,2021,4,2021-09-22,Rwanda,Crypto Exchange,2.75,0,0,0,272918.68,-60.4,42795.84,15.68,0,0.0,Seed,0.0,40068,58.39,14811593.2,138953,106.59,0,7.16,8.74,0.15,0.75,0.7,0
FT038,Digi,9,2021,1,2021-12-21,Rwanda,Crypto Exchange,3.0,0,0,0,517382.61,-48.53,177934.17,34.39,0,0.0,Seed,0.0,52079,105.87,19251749.69,131335,146.59,0,5.87,15.86,0.15,0.75,0.7,1
FT038,Digi,10,2022,2,2022-03-21,Rwanda,Crypto Exchange,3.25,0,0,0,259244.27,-49.53,110309.43,42.55,0,0.0,Seed,0.0,51071,101.89,18879115.3,280615,67.28,0,5.52,16.91,0.15,0.75,0.7,2
FT038,Digi,11,2022,3,2022-06-19,Rwanda,Crypto Exchange,3.5,0,0,0,324625.32,-48.93,105791.54,32.59,0,7484670.92,Series B,7484670.92,51680,104.29,19104273.81,184207,103.71,0,7.07,13.64,0.15,0.75,0.7,3
FT038,Digi,12,2022,4,2022-09-17,Rwanda,Crypto Exchange,3.75,0,0,0,485537.83,-44.77,188547.64,38.83,0,0.0,Seed,0.0,55881,120.9,20657125.94,360438,57.31,0,5.47,14.84,0.15,0.75,0.7,0
FT038,Digi,13,2022,1,2022-12-16,Rwanda,Crypto Exchange,4.0,0,0,0,547166.87,-44.29,142587.15,26.06,0,0.0,Seed,0.0,56373,122.85,20838879.88,163329,127.59,0,11.68,16.84,0.15,0.75,0.7,1
FT038,Digi,14,2023,2,2023-03-16,Rwanda,Crypto Exchange,4.25,0,0,0,595476.26,-36.19,162328.28,27.26,0,0.0,Seed,0.0,64563,155.22,23866389.35,150902,158.16,0,7.51,18.4,0.15,0.75,0.7,2
FT038,Digi,15,2023,3,2023-06-14,Rwanda,Crypto Exchange,4.5,0,0,0,534485.92,-41.06,223278.98,41.77,0,0.0,Seed,0.0,59638,135.75,22045743.91,160970,136.96,0,12.68,8.98,0.15,0.75,0.7,3
FT038,Digi,16,2023,4,2023-09-12,Rwanda,Crypto Exchange,4.75,0,0,0,622094.3,-33.95,135317.37,21.75,0,0.0,Seed,0.0,66835,164.2,24706344.1,191511,129.01,0,10.67,9.25,0.15,0.75,0.7,0
FT039,EasyTech,1,2020,1,2020-01-01,Rwanda,Investment Platform,2.6,0,0,0,54684.8,0.0,12144.83,22.21,0,0.0,Seed,0.0,8067,35.18,2884305.9,34223,84.28,0,5.39,10.44,0.15,0.75,0.7,1
FT039,EasyTech,2,2020,2,2020-03-31,Rwanda,Investment Platform,2.85,0,0,0,38861.44,-69.74,10251.84,26.38,0,0.0,Seed,0.0,7223,21.04,2582763.69,38914,66.37,0,3.25,14.13,0.15,0.75,0.7,2
FT039,EasyTech,3,2020,3,2020-06-29,Rwanda,Investment Platform,3.1,0,0,0,55358.48,-72.44,22255.33,40.2,0,0.0,Seed,0.0,6578,10.23,2352036.71,45433,51.77,0,4.99,7.87,0.15,0.75,0.7,3
FT039,EasyTech,4,2020,4,2020-09-27,Rwanda,Investment Platform,3.35,0,0,0,54494.99,-65.41,17035.55,31.26,0,0.0,Seed,0.0,8257,38.36,2952238.59,21699,136.05,0,7.55,8.52,0.15,0.75,0.7,0
FT039,EasyTech,5,2020,1,2020-12-26,Rwanda,Investment Platform,3.6,0,0,0,88633.19,-55.89,21069.79,23.77,0,0.0,Seed,0.0,10529,76.43,3764818.79,60499,62.23,0,4.54,11.68,0.15,0.75,0.7,1
FT039,EasyTech,6,2021,2,2021-03-26,Rwanda,Investment Platform,3.85,0,0,0,60424.76,-66.9,8169.24,13.52,0,0.0,Seed,0.0,7900,32.38,2824914.37,58032,48.68,0,9.12,14.35,0.15,0.75,0.7,2
FT039,EasyTech,7,2021,3,2021-06-24,Rwanda,Investment Platform,4.1,0,0,0,33724.09,-67.45,5457.26,16.18,0,0.0,Seed,0.0,7769,30.18,2777798.11,47485,58.5,0,4.91,11.37,0.15,0.75,0.7,3
FT039,EasyTech,8,2021,4,2021-09-22,Rwanda,Investment Platform,4.35,0,0,0,64953.51,-53.04,10414.57,16.03,0,0.0,Seed,0.0,11208,87.81,4007640.8,51854,77.29,0,3.91,16.8,0.15,0.75,0.7,0
FT039,EasyTech,9,2021,1,2021-12-21,Rwanda,Investment Platform,4.6,0,0,0,61268.59,-53.26,11697.56,19.09,0,0.0,Seed,0.0,11156,86.94,3988854.4,29497,135.23,0,4.16,14.9,0.15,0.75,0.7,1
FT039,EasyTech,10,2022,2,2022-03-21,Rwanda,Investment Platform,4.85,0,0,0,81006.68,-45.78,27982.14,34.54,0,0.0,Seed,0.0,12941,116.85,4627253.64,28065,164.88,0,4.6,14.08,0.15,0.75,0.7,2
FT039,EasyTech,11,2022,3,2022-06-19,Rwanda,Investment Platform,5.1,0,0,0,49446.37,-43.96,13061.81,26.42,0,0.0,Seed,0.0,13376,124.14,4782853.81,31837,150.23,0,5.54,8.69,0.15,0.75,0.7,3
FT039,EasyTech,12,2022,4,2022-09-17,Rwanda,Investment Platform,5.35,0,0,0,95587.89,-51.84,11828.75,12.37,0,0.0,Seed,0.0,11495,92.62,4110035.23,41278,99.57,0,10.77,7.77,0.15,0.75,0.7,0
FT039,EasyTech,13,2022,1,2022-12-16,Rwanda,Investment Platform,5.6,0,0,0,84595.54,-35.78,22091.76,26.11,0,0.0,Seed,0.0,15329,156.87,5480990.55,43856,124.98,0,4.65,18.1,0.15,0.75,0.7,1
FT039,EasyTech,14,2023,2,2023-03-16,Rwanda,Investment Platform,5.85,0,0,0,94312.55,-39.69,25413.17,26.95,0,0.0,Seed,0.0,14395,141.22,5147160.68,83175,61.88,0,5.12,6.97,0.15,0.75,0.7,2
FT039,EasyTech,15,2023,3,2023-06-14,Rwanda,Investment Platform,6.1,0,0,0,156291.18,-31.82,42058.89,26.91,0,0.0,Seed,0.0,16274,172.7,5818969.82,72946,79.77,0,6.47,10.52,0.15,0.75,0.7,3
FT039,EasyTech,16,2023,4,2023-09-12,Rwanda,Investment Platform,6.35,0,0,0,74745.61,-23.27,23973.31,32.07,0,0.0,Seed,0.0,18315,206.9,6548628.88,106663,61.4,0,3.98,16.08,0.15,0.75,0.7,0
FT040,QuickBank,1,2020,1,2020-01-01,Ghana,Crypto Exchange,9.6,0,0,0,325045.16,0.0,94432.01,29.05,0,0.0,Series A,0.0,36038,30.44,14717190.02,177026,83.14,0,5.35,5.85,0.3,0.65,0.6,1
FT040,QuickBank,2,2020,2,2020-03-31,Ghana,Crypto Exchange,9.85,0,0,0,200218.25,-69.88,62166.08,31.05,0,0.0,Series A,0.0,33285,20.48,13593012.43,241023,56.4,0,6.05,7.5,0.3,0.65,0.6,2
FT040,QuickBank,3,2020,3,2020-06-29,Ghana,Crypto Exchange,10.1,0,0,0,162713.99,-72.0,80426.53,49.43,0,0.0,Series A,0.0,30940,11.99,12635503.32,183064,69.02,0,5.02,11.52,0.3,0.65,0.6,3
FT040,QuickBank,4,2020,4,2020-09-27,Ghana,Crypto Exchange,10.35,0,0,0,318788.76,-61.72,85386.81,26.78,0,0.0,Series A,0.0,42301,53.11,17275028.92,86496,199.72,0,5.52,14.86,0.3,0.65,0.6,0
FT040,QuickBank,5,2020,1,2020-12-26,Ghana,Crypto Exchange,10.6,0,0,0,364408.27,-64.21,91425.12,25.09,0,0.0,Series A,0.0,39552,43.16,16152412.4,148808,108.55,0,12.59,13.23,0.3,0.65,0.6,1
FT040,QuickBank,6,2021,2,2021-03-26,Ghana,Crypto Exchange,10.85,0,0,0,379369.3,-57.45,126628.99,33.38,0,0.0,Series A,0.0,47017,70.18,19200791.02,220439,87.1,0,12.07,11.09,0.3,0.65,0.6,2
FT040,QuickBank,7,2021,3,2021-06-24,Ghana,Crypto Exchange,11.1,0,0,0,598224.29,-49.05,159148.08,26.6,0,0.0,Series A,0.0,56306,103.8,22994156.11,380092,60.5,0,10.54,7.83,0.3,0.65,0.6,3
FT040,QuickBank,8,2021,4,2021-09-22,Ghana,Crypto Exchange,11.35,0,0,0,304690.73,-54.74,76157.51,25.0,0,0.0,Series A,0.0,50019,81.05,20426598.06,239271,85.37,0,6.29,12.8,0.3,0.65,0.6,0
FT040,QuickBank,9,2021,1,2021-12-21,Ghana,Crypto Exchange,11.6,0,0,0,277253.52,-48.73,79304.03,28.6,0,0.0,Series A,0.0,56657,105.07,23137388.18,265178,87.25,0,3.53,7.52,0.3,0.65,0.6,1
FT040,QuickBank,10,2022,2,2022-03-21,Ghana,Crypto Exchange,11.85,0,0,0,738856.4,-42.62,202543.38,27.41,0,0.0,Series A,0.0,63412,129.52,25895975.41,281422,92.02,0,6.81,16.8,0.3,0.65,0.6,2
FT040,QuickBank,11,2022,3,2022-06-19,Ghana,Crypto Exchange,12.1,0,0,0,266928.46,-51.48,72571.35,27.19,0,0.0,Series A,0.0,53622,94.09,21897963.93,266145,82.28,0,3.71,13.78,0.3,0.65,0.6,3
FT040,QuickBank,12,2022,4,2022-09-17,Ghana,Crypto Exchange,12.35,0,0,0,774718.04,-26.85,153863.88,19.86,0,0.0,Series A,0.0,80835,192.59,33011122.3,538436,61.31,0,7.96,8.47,0.3,0.65,0.6,0
FT040,QuickBank,13,2022,1,2022-12-16,Ghana,Crypto Exchange,12.6,0,0,0,579276.61,-13.15,209418.71,36.15,0,0.0,Series A,0.0,95973,247.38,39193398.26,345477,113.45,0,3.14,15.61,0.3,0.65,0.6,1
FT040,QuickBank,14,2023,2,2023-03-16,Ghana,Crypto Exchange,12.85,0,0,0,664753.73,-12.49,286429.26,43.09,0,0.0,Series A,0.0,96711,250.05,39494838.39,753732,52.4,0,9.11,7.32,0.3,0.65,0.6,2
FT040,QuickBank,15,2023,3,2023-06-14,Ghana,Crypto Exchange,13.1,0,0,0,394065.44,-19.87,123621.11,31.37,0,0.0,Series A,0.0,88550,220.51,36162044.82,454081,79.64,0,5.65,14.83,0.3,0.65,0.6,3
FT040,QuickBank,16,2023,4,2023-09-12,Ghana,Crypto Exchange,13.35,0,0,0,1148161.53,-12.1,303505.3,26.43,0,0.0,Series A,0.0,97140,251.6,39669667.9,427623,92.77,0,16.52,15.93,0.3,0.65,0.6,0
FT041,Plus,1,2020,1,2020-01-01,Ghana,Payment Gateway,3.2,0,0,0,122753.69,0.0,33406.6,27.21,0,0.0,Seed,0.0,9975,24.96,4702776.9,35171,133.71,0,6.77,7.45,0.3,0.65,0.6,1
FT041,Plus,2,2020,2,2020-03-31,Ghana,Payment Gateway,3.45,0,0,0,100165.33,-69.07,36818.39,36.76,0,0.0,Seed,0.0,9875,23.7,4655420.86,51601,90.22,0,5.52,7.37,0.3,0.65,0.6,2
FT041,Plus,3,2020,3,2020-06-29,Ghana,Payment Gateway,3.7,0,0,0,100694.44,-71.31,33512.35,33.28,0,0.0,Seed,0.0,9159,14.73,4318139.11,62594,68.99,0,10.55,11.46,0.3,0.65,0.6,3
FT041,Plus,4,2020,4,2020-09-27,Ghana,Payment Gateway,3.95,0,0,0,119272.71,-66.55,29379.99,24.63,0,0.0,Seed,0.0,10680,33.79,5035003.04,25987,193.75,0,7.25,13.17,0.3,0.65,0.6,0
FT041,Plus,5,2020,1,2020-12-26,Ghana,Payment Gateway,4.2,0,0,0,82148.06,-58.48,16746.65,20.39,0,0.0,Seed,0.0,13257,66.07,6249815.36,82810,75.47,0,6.98,8.64,0.3,0.65,0.6,1
FT041,Plus,6,2021,2,2021-03-26,Ghana,Payment Gateway,4.45,0,0,0,158122.13,-60.14,32231.08,20.38,0,0.0,Seed,0.0,12726,59.42,5999373.09,86818,69.1,0,15.57,7.25,0.3,0.65,0.6,2
FT041,Plus,7,2021,3,2021-06-24,Ghana,Payment Gateway,4.7,0,0,0,130362.16,-52.83,20611.86,15.81,0,0.0,Seed,0.0,15061,88.67,7100458.51,34386,206.49,0,5.11,8.75,0.3,0.65,0.6,3
FT041,Plus,8,2021,4,2021-09-22,Ghana,Payment Gateway,4.95,0,0,0,107726.11,-43.1,36170.93,33.58,0,0.0,Seed,0.0,18167,127.58,8564609.95,131685,65.04,0,5.08,14.78,0.3,0.65,0.6,0
FT041,Plus,9,2021,1,2021-12-21,Ghana,Payment Gateway,5.2,0,0,0,219515.71,-39.92,65833.65,29.99,0,0.0,Seed,0.0,19183,140.31,9043540.1,72041,125.53,0,12.51,7.19,0.3,0.65,0.6,1
FT041,Plus,10,2022,2,2022-03-21,Ghana,Payment Gateway,5.45,0,0,0,96422.39,-51.54,20070.98,20.82,0,0.0,Seed,0.0,15474,93.84,7295217.38,70642,103.27,0,6.27,15.08,0.3,0.65,0.6,2
FT041,Plus,11,2022,3,2022-06-19,Ghana,Payment Gateway,5.7,0,0,0,168996.33,-45.8,42506.17,25.15,0,0.0,Seed,0.0,17306,116.79,8158642.78,119956,68.01,0,9.49,11.36,0.3,0.65,0.6,3
FT041,Plus,12,2022,4,2022-09-17,Ghana,Payment Gateway,5.95,0,0,0,280170.76,-30.13,98798.3,35.26,0,0.0,Seed,0.0,22309,179.46,10517381.93,157963,66.58,0,13.47,8.47,0.3,0.65,0.6,0
FT041,Plus,13,2022,1,2022-12-16,Ghana,Payment Gateway,6.2,0,0,0,140667.1,-23.0,36907.49,26.24,0,0.0,Seed,0.0,24586,207.99,11590493.57,108293,107.03,0,3.83,11.02,0.3,0.65,0.6,1
FT041,Plus,14,2023,2,2023-03-16,Ghana,Payment Gateway,6.45,0,0,0,140844.29,-12.58,45992.59,32.65,0,0.0,Seed,0.0,27913,249.67,13159100.55,107256,122.69,0,4.32,10.86,0.3,0.65,0.6,2
FT041,Plus,15,2023,3,2023-06-14,Ghana,Payment Gateway,6.7,0,0,0,164842.32,-26.35,42289.15,25.65,0,0.0,Seed,0.0,23516,194.58,11086054.58,75120,147.58,0,8.48,5.98,0.3,0.65,0.6,3
FT041,Plus,16,2023,4,2023-09-12,Ghana,Payment Gateway,6.95,0,0,0,356755.26,-7.12,113985.44,31.95,0,0.0,Seed,0.0,29656,271.5,13980916.44,133855,104.45,0,14.94,6.33,0.3,0.65,0.6,0
FT042,HubTech,1,2020,1,2020-01-01,Zambia,Mobile Money,10.8,0,0,0,91465.13,0.0,26844.12,29.35,0,0.0,Seed,0.0,40106,16.6,5582415.89,279527,19.97,497,1.33,7.31,0.2,0.6,0.5,1
FT042,HubTech,2,2020,2,2020-03-31,Zambia,Mobile Money,11.05,0,0,0,185057.03,-67.28,44430.51,24.01,0,0.0,Seed,0.0,45023,30.89,6266790.5,344993,18.16,407,4.94,12.17,0.2,0.6,0.5,2
FT042,HubTech,3,2020,3,2020-06-29,Zambia,Mobile Money,11.3,0,0,0,55235.02,-71.38,7713.74,13.97,0,0.0,Seed,0.0,39375,14.47,5480551.99,95038,57.67,497,1.12,6.84,0.2,0.6,0.5,3
FT042,HubTech,4,2020,4,2020-09-27,Zambia,Mobile Money,11.55,0,0,0,123458.89,-63.2,29729.59,24.08,0,0.0,Seed,0.0,50629,47.19,7046971.55,187734,37.54,266,1.47,9.56,0.2,0.6,0.5,0
FT042,HubTech,5,2020,1,2020-12-26,Zambia,Mobile Money,11.8,0,0,0,165101.07,-55.39,67028.84,40.6,0,0.0,Seed,0.0,61372,78.42,8542291.56,459802,18.58,1027,1.8,10.63,0.2,0.6,0.5,1
FT042,HubTech,6,2021,2,2021-03-26,Zambia,Mobile Money,12.05,0,0,0,199353.36,-53.74,38835.7,19.48,0,0.0,Seed,0.0,63650,85.05,8859428.44,313428,28.27,366,1.76,7.22,0.2,0.6,0.5,2
FT042,HubTech,7,2021,3,2021-06-24,Zambia,Mobile Money,12.3,0,0,0,100894.89,-59.77,39345.93,39.0,0,0.0,Seed,0.0,55352,60.92,7704416.81,349538,22.04,488,1.8,9.53,0.2,0.6,0.5,3
FT042,HubTech,8,2021,4,2021-09-22,Zambia,Mobile Money,12.55,0,0,0,116703.66,-45.19,53800.22,46.1,0,0.0,Seed,0.0,75410,119.24,10496323.48,597203,17.58,438,2.07,10.63,0.2,0.6,0.5,0
FT042,HubTech,9,2021,1,2021-12-21,Zambia,Mobile Money,12.8,0,0,0,213805.69,-19.99,67891.27,31.75,0,0.0,Seed,0.0,110083,220.04,15322391.92,366286,41.83,742,2.86,5.48,0.2,0.6,0.5,1
FT042,HubTech,10,2022,2,2022-03-21,Zambia,Mobile Money,13.05,0,0,0,348265.92,-29.4,143984.22,41.34,0,0.0,Seed,0.0,97129,182.38,13519270.68,662049,20.42,1501,4.1,13.47,0.2,0.6,0.5,2
FT042,HubTech,11,2022,3,2022-06-19,Zambia,Mobile Money,13.3,0,0,0,181331.78,-36.32,52531.82,28.97,0,0.0,Seed,0.0,87618,154.73,12195411.94,231451,52.69,1362,1.87,14.91,0.2,0.6,0.5,3
FT042,HubTech,12,2022,4,2022-09-17,Zambia,Mobile Money,13.55,0,0,0,179398.27,-20.67,46413.42,25.87,0,0.0,Seed,0.0,109150,217.33,15192454.52,644152,23.59,1204,0.91,10.46,0.2,0.6,0.5,0
FT042,HubTech,13,2022,1,2022-12-16,Zambia,Mobile Money,13.8,0,0,0,437918.88,-10.17,135178.25,30.87,0,0.0,Seed,0.0,123591,259.31,17202431.05,557974,30.83,1310,2.31,13.63,0.2,0.6,0.5,1
FT042,HubTech,14,2023,2,2023-03-16,Zambia,Mobile Money,14.05,0,0,0,219657.64,-16.93,89069.99,40.55,0,0.0,Seed,0.0,114294,232.28,15908417.93,713579,22.29,779,2.86,13.45,0.2,0.6,0.5,2
FT042,HubTech,15,2023,3,2023-06-14,Zambia,Mobile Money,14.3,0,0,0,415575.73,2.93,161808.41,38.94,0,0.0,Seed,0.0,141623,311.74,19712361.96,951882,20.71,2076,3.38,14.35,0.2,0.6,0.5,3
FT042,HubTech,16,2023,4,2023-09-12,Zambia,Mobile Money,14.55,0,0,0,490247.08,-9.85,182472.39,37.22,0,0.0,Seed,0.0,124038,260.61,17264742.94,913395,18.9,2028,4.37,7.0,0.2,0.6,0.5,0
FT043,PlusDigital,1,2020,1,2020-01-01,Rwanda,Crypto Exchange,3.1,0,0,0,177149.33,0.0,73750.42,41.63,0,0.0,Seed,0.0,28275,16.71,10576369.07,94671,111.72,0,7.01,14.42,0.15,0.75,0.7,1
FT043,PlusDigital,2,2020,2,2020-03-31,Rwanda,Crypto Exchange,3.35,0,0,0,135482.93,-73.88,41403.07,30.56,0,0.0,Seed,0.0,25312,4.48,9468200.53,177633,53.3,0,7.89,16.64,0.15,0.75,0.7,2
FT043,PlusDigital,3,2020,3,2020-06-29,Rwanda,Crypto Exchange,3.6,0,0,0,166265.79,-71.44,50271.08,30.24,0,0.0,Seed,0.0,27675,14.23,10351941.01,64367,160.83,0,3.4,13.01,0.15,0.75,0.7,3
FT043,PlusDigital,4,2020,4,2020-09-27,Rwanda,Crypto Exchange,3.85,0,0,0,272884.48,-67.35,102591.87,37.6,0,0.0,Seed,0.0,31644,30.62,11836463.25,175472,67.45,0,5.99,16.45,0.15,0.75,0.7,0
FT043,PlusDigital,5,2020,1,2020-12-26,Rwanda,Crypto Exchange,4.1,0,0,0,227053.96,-55.73,48292.75,21.27,0,0.0,Seed,0.0,42897,77.07,16045955.2,296410,54.13,0,7.76,11.81,0.15,0.75,0.7,1
FT043,PlusDigital,6,2021,2,2021-03-26,Rwanda,Crypto Exchange,4.35,0,0,0,249405.24,-61.32,61282.7,24.57,0,0.0,Seed,0.0,37482,54.71,14020436.0,107075,130.94,0,9.19,10.54,0.15,0.75,0.7,2
FT043,PlusDigital,7,2021,3,2021-06-24,Rwanda,Crypto Exchange,4.6,0,0,0,273062.66,-70.64,85855.18,31.44,0,0.0,Seed,0.0,28451,17.44,10642202.64,99071,107.42,0,8.47,11.69,0.15,0.75,0.7,3
FT043,PlusDigital,8,2021,4,2021-09-22,Rwanda,Crypto Exchange,4.85,0,0,0,154267.23,-75.47,35952.1,23.31,0,0.0,Seed,0.0,23775,-1.86,8893117.89,101213,87.87,0,6.65,14.51,0.15,0.75,0.7,0
FT043,PlusDigital,9,2021,1,2021-12-21,Rwanda,Crypto Exchange,5.1,0,0,0,161447.1,-81.8,41172.02,25.5,0,6371978.17,Series B,6371978.17,17638,-27.2,6597570.01,147462,44.74,0,9.24,12.96,0.15,0.75,0.7,1
FT043,PlusDigital,10,2022,2,2022-03-21,Rwanda,Crypto Exchange,5.35,1,1,0,161.46,-99.96,43.79,27.12,0,0.0,Seed,0.0,1000,-95.87,13883.98,4156,3.34,0,0.16,31.13,0.15,0.75,0.7,2
FT043,PlusDigital,11,2022,3,2022-06-19,Rwanda,Crypto Exchange,5.6,1,1,0,258.02,-99.97,110.53,42.84,0,0.0,Seed,0.0,1000,-95.87,10364.28,3112,3.33,0,0.2,49.36,0.15,0.75,0.7,3
FT043,PlusDigital,12,2022,4,2022-09-17,Rwanda,Crypto Exchange,5.85,1,1,0,181.13,-99.97,78.0,43.06,0,0.0,Seed,0.0,1000,-95.87,9868.41,6947,1.42,0,0.2,30.22,0.15,0.75,0.7,0
FT043,PlusDigital,13,2022,1,2022-12-16,Rwanda,Crypto Exchange,6.1,1,1,1,171.49,-99.98,51.49,30.02,0,0.0,Seed,0.0,1000,-95.87,5839.2,8277,0.71,0,0.2,43.97,0.15,0.75,0.7,1
FT043,PlusDigital,14,2023,2,2023-03-16,Rwanda,Crypto Exchange,6.35,1,1,0,66.86,-99.99,20.88,31.22,0,0.0,Seed,0.0,1000,-95.87,3498.88,4818,0.73,0,0.07,49.92,0.15,0.75,0.7,2
FT043,PlusDigital,15,2023,3,2023-06-14,Rwanda,Crypto Exchange,6.6,1,1,0,69.3,-99.99,18.98,27.39,0,0.0,Seed,0.0,1000,-95.87,2493.01,7026,0.35,0,0.05,48.86,0.15,0.75,0.7,3
FT043,PlusDigital,16,2023,4,2023-09-12,Rwanda,Crypto Exchange,6.85,1,1,1,29.7,-99.99,10.97,36.94,0,0.0,Seed,0.0,1000,-95.87,1904.22,6455,0.29,0,0.04,59.72,0.15,0.75,0.7,0
FT044,SafeDigital,1,2020,1,2020-01-01,Rwanda,Mobile Money,3.8,0,0,0,114267.91,0.0,32523.57,28.46,0,0.0,Series A,0.0,20842,32.77,4132830.86,139970,29.53,382,4.55,9.22,0.15,0.75,0.7,1
FT044,SafeDigital,2,2020,2,2020-03-31,Rwanda,Mobile Money,4.05,0,0,0,103661.7,-71.11,43537.66,42.0,0,0.0,Series A,0.0,18143,15.57,3597640.35,92030,39.09,198,3.99,10.47,0.15,0.75,0.7,2
FT044,SafeDigital,3,2020,3,2020-06-29,Rwanda,Mobile Money,4.3,0,0,0,77333.28,-69.1,16183.57,20.93,0,0.0,Series A,0.0,19400,23.58,3846984.59,114740,33.53,173,3.73,7.43,0.15,0.75,0.7,3
FT044,SafeDigital,4,2020,4,2020-09-27,Rwanda,Mobile Money,4.55,0,0,0,107155.63,-66.03,35166.51,32.82,0,0.0,Series A,0.0,21328,35.86,4229219.22,163914,25.8,407,6.94,11.49,0.15,0.75,0.7,0
FT044,SafeDigital,5,2020,1,2020-12-26,Rwanda,Mobile Money,4.8,0,0,0,65490.3,-57.22,24157.13,36.89,0,0.0,Series A,0.0,26863,71.12,5326649.66,157090,33.91,142,2.98,6.03,0.15,0.75,0.7,1
FT044,SafeDigital,6,2021,2,2021-03-26,Rwanda,Mobile Money,5.05,0,0,0,121309.36,-53.12,25401.51,20.94,0,0.0,Series A,0.0,29435,87.5,5836705.47,164001,35.59,390,5.53,16.94,0.15,0.75,0.7,2
FT044,SafeDigital,7,2021,3,2021-06-24,Rwanda,Mobile Money,5.3,0,0,0,56161.51,-67.37,16610.96,29.58,0,3799240.51,Series A,3799240.51,20487,30.5,4062361.42,137179,29.61,183,3.25,16.4,0.15,0.75,0.7,3
FT044,SafeDigital,8,2021,4,2021-09-22,Rwanda,Mobile Money,5.55,0,0,0,145998.25,-55.3,55669.69,38.13,0,0.0,Series A,0.0,28071,78.81,5566223.5,101288,54.95,533,6.59,13.11,0.15,0.75,0.7,0
FT044,SafeDigital,9,2021,1,2021-12-21,Rwanda,Mobile Money,5.8,0,0,0,181968.84,-39.81,38512.23,21.16,0,0.0,Series A,0.0,37797,140.77,7494857.68,324866,23.07,488,3.02,12.36,0.15,0.75,0.7,1
FT044,SafeDigital,10,2022,2,2022-03-21,Rwanda,Mobile Money,6.05,0,0,0,175163.44,-37.34,80403.96,45.9,0,0.0,Series A,0.0,39345,150.63,7801856.5,192592,40.51,757,3.93,10.46,0.15,0.75,0.7,2
FT044,SafeDigital,11,2022,3,2022-06-19,Rwanda,Mobile Money,6.3,0,0,0,134893.86,-40.53,35511.58,26.33,0,0.0,Series A,0.0,37345,137.89,7405107.18,127503,58.08,395,1.9,8.17,0.15,0.75,0.7,3
FT044,SafeDigital,12,2022,4,2022-09-17,Rwanda,Mobile Money,6.55,0,0,0,134542.12,-22.95,52349.89,38.91,0,1305278.47,Series C,1305278.47,48384,208.21,9594043.63,323341,29.67,828,3.54,16.02,0.15,0.75,0.7,0
FT044,SafeDigital,13,2022,1,2022-12-16,Rwanda,Mobile Money,6.8,0,0,0,265522.4,-16.88,45425.95,17.11,0,0.0,Series A,0.0,52191,232.46,10348937.37,132846,77.9,443,6.84,13.89,0.15,0.75,0.7,1
FT044,SafeDigital,14,2023,2,2023-03-16,Rwanda,Mobile Money,7.05,0,0,0,139125.39,-14.8,57390.26,41.25,0,0.0,Series A,0.0,53503,240.82,10609040.78,421847,25.15,417,1.47,16.96,0.15,0.75,0.7,2
FT044,SafeDigital,15,2023,3,2023-06-14,Rwanda,Mobile Money,7.3,0,0,0,295564.24,-15.32,92494.39,31.29,0,0.0,Series A,0.0,53172,238.71,10543580.54,254957,41.35,465,6.5,15.71,0.15,0.75,0.7,3
FT044,SafeDigital,16,2023,4,2023-09-12,Rwanda,Mobile Money,7.55,0,0,0,244704.68,-11.23,73731.15,30.13,0,0.0,Series A,0.0,55741,255.07,11052873.55,265307,41.66,503,4.37,6.63,0.15,0.75,0.7,0
FT045,SmartMoney,1,2020,1,2020-01-01,Rwanda,Crypto Exchange,1.2,0,0,0,115295.96,0.0,43947.36,38.12,0,0.0,Seed,0.0,20422,17.13,5641635.96,89960,62.71,0,6.85,9.83,0.15,0.75,0.7,1
FT045,SmartMoney,2,2020,2,2020-03-31,Rwanda,Crypto Exchange,1.45,0,0,0,126181.51,-73.91,32925.13,26.09,0,0.0,Seed,0.0,18198,4.37,5027422.01,42175,119.2,0,4.74,12.22,0.15,0.75,0.7,2
FT045,SmartMoney,3,2020,3,2020-06-29,Rwanda,Crypto Exchange,1.7,0,0,0,112463.5,-72.47,38086.61,33.87,0,0.0,Seed,0.0,19200,10.12,5304301.52,106826,49.65,0,2.96,6.56,0.15,0.75,0.7,3
FT045,SmartMoney,4,2020,4,2020-09-27,Rwanda,Crypto Exchange,1.95,0,0,0,69416.88,-68.83,12122.38,17.46,0,0.0,Seed,0.0,21741,24.69,6006177.97,158438,37.91,0,2.78,12.13,0.15,0.75,0.7,0
FT045,SmartMoney,5,2020,1,2020-12-26,Rwanda,Crypto Exchange,2.2,0,0,0,139557.18,-60.21,55268.85,39.6,0,0.0,Seed,0.0,27747,59.14,7665418.43,183585,41.75,0,6.49,10.82,0.15,0.75,0.7,1
FT045,SmartMoney,6,2021,2,2021-03-26,Rwanda,Crypto Exchange,2.45,0,0,0,141740.72,-58.39,25416.99,17.93,0,0.0,Seed,0.0,29019,66.44,8016835.82,110561,72.51,0,3.02,8.53,0.15,0.75,0.7,2
FT045,SmartMoney,7,2021,3,2021-06-24,Rwanda,Crypto Exchange,2.7,0,0,0,170546.66,-59.63,45258.47,26.54,0,0.0,Seed,0.0,28154,61.48,7777620.39,131783,59.02,0,3.74,7.14,0.15,0.75,0.7,3
FT045,SmartMoney,8,2021,4,2021-09-22,Rwanda,Crypto Exchange,2.95,0,0,0,285831.75,-48.36,75580.02,26.44,0,0.0,Seed,0.0,36012,106.55,9948408.64,188024,52.91,0,5.94,6.09,0.15,0.75,0.7,0
FT045,SmartMoney,9,2021,1,2021-12-21,Rwanda,Crypto Exchange,3.2,0,0,0,197645.01,-41.13,50313.8,25.46,0,0.0,Seed,0.0,41057,135.48,11342339.31,144431,78.53,0,4.36,11.18,0.15,0.75,0.7,1
FT045,SmartMoney,10,2022,2,2022-03-21,Rwanda,Crypto Exchange,3.45,0,0,0,272061.68,-46.44,82733.43,30.41,0,0.0,Seed,0.0,37350,114.22,10318181.03,195899,52.67,0,7.69,13.61,0.15,0.75,0.7,2
FT045,SmartMoney,11,2022,3,2022-06-19,Rwanda,Crypto Exchange,3.7,0,0,0,194506.47,-50.74,59232.14,30.45,0,0.0,Seed,0.0,34356,97.05,9491154.89,185355,51.21,0,6.16,6.64,0.15,0.75,0.7,3
FT045,SmartMoney,12,2022,4,2022-09-17,Rwanda,Crypto Exchange,3.95,0,0,0,313134.08,-35.32,75857.88,24.23,0,0.0,Seed,0.0,45110,158.73,12461995.87,211963,58.79,0,5.33,10.33,0.15,0.75,0.7,0
FT045,SmartMoney,13,2022,1,2022-12-16,Rwanda,Crypto Exchange,4.2,0,0,0,450810.99,-14.29,180418.94,40.02,0,0.0,Seed,0.0,59776,242.84,16513283.69,166530,99.16,0,6.92,8.52,0.15,0.75,0.7,1
FT045,SmartMoney,14,2023,2,2023-03-16,Rwanda,Crypto Exchange,4.45,0,0,0,199252.44,-18.56,65017.64,32.63,0,0.0,Seed,0.0,56794,225.74,15689700.34,222825,70.41,0,2.97,14.14,0.15,0.75,0.7,2
FT045,SmartMoney,15,2023,3,2023-06-14,Rwanda,Crypto Exchange,4.7,0,0,0,375708.57,-21.65,166641.92,44.35,0,0.0,Seed,0.0,54643,213.4,15095461.16,196321,76.89,0,8.99,8.47,0.15,0.75,0.7,3
FT045,SmartMoney,16,2023,4,2023-09-12,Rwanda,Crypto Exchange,4.95,0,0,0,233123.86,-4.23,46973.14,20.15,0,0.0,Seed,0.0,66793,283.09,18451823.88,158935,116.1,0,3.68,11.66,0.15,0.75,0.7,0
FT046,Digi,1,2020,1,2020-01-01,Ethiopia,Mobile Money,1.5,0,0,0,122963.38,0.0,43667.57,35.51,0,0.0,Series B,0.0,76885,14.3,11912178.24,521377,22.85,468,2.06,8.21,0.5,0.55,0.5,1
FT046,Digi,2,2020,2,2020-03-31,Ethiopia,Mobile Money,1.75,0,0,0,343870.39,-68.35,82339.07,23.94,0,0.0,Series B,0.0,85153,26.59,13193185.76,516216,25.56,879,5.29,9.09,0.5,0.55,0.5,2
FT046,Digi,3,2020,3,2020-06-29,Ethiopia,Mobile Money,2.0,0,0,0,221695.16,-66.88,54212.91,24.45,0,0.0,Series B,0.0,89122,32.49,13808177.92,342795,40.28,1174,2.89,16.05,0.5,0.55,0.5,3
FT046,Digi,4,2020,4,2020-09-27,Ethiopia,Mobile Money,2.25,0,0,0,219900.87,-63.97,42544.46,19.35,0,0.0,Series B,0.0,96937,44.11,15018938.73,251191,59.79,1088,1.34,10.72,0.5,0.55,0.5,0
FT046,Digi,5,2020,1,2020-12-26,Ethiopia,Mobile Money,2.5,0,0,0,182086.87,-62.05,45330.51,24.89,0,0.0,Series B,0.0,102102,51.79,15819139.75,745034,21.23,647,1.49,6.74,0.5,0.55,0.5,1
FT046,Digi,6,2021,2,2021-03-26,Ethiopia,Mobile Money,2.75,0,0,0,397698.76,-63.51,144505.01,36.34,0,0.0,Series B,0.0,98177,45.95,15211138.65,762762,19.94,998,2.68,12.16,0.5,0.55,0.5,2
FT046,Digi,7,2021,3,2021-06-24,Ethiopia,Mobile Money,3.0,0,0,0,544766.86,-56.28,190314.67,34.94,0,0.0,Series B,0.0,117630,74.87,18224939.48,514795,35.4,1307,3.65,12.1,0.5,0.55,0.5,3
FT046,Digi,8,2021,4,2021-09-22,Ethiopia,Mobile Money,3.25,0,0,0,237055.05,-51.52,97144.61,40.98,0,0.0,Series B,0.0,130447,93.93,20210761.07,499070,40.5,1772,2.72,9.0,0.5,0.55,0.5,0
FT046,Digi,9,2021,1,2021-12-21,Ethiopia,Mobile Money,3.5,0,0,0,341888.2,-47.78,54798.06,16.03,0,0.0,Series B,0.0,140518,108.9,21771143.47,461295,47.2,1192,3.36,9.47,0.5,0.55,0.5,1
FT046,Digi,10,2022,2,2022-03-21,Ethiopia,Mobile Money,3.75,0,0,0,605018.62,-47.03,205605.11,33.98,0,0.0,Series B,0.0,142515,111.87,22080569.78,381518,57.88,1326,5.25,10.9,0.5,0.55,0.5,2
FT046,Digi,11,2022,3,2022-06-19,Ethiopia,Mobile Money,4.0,0,0,0,359621.12,-47.14,64445.02,17.92,0,0.0,Series B,0.0,142236,111.45,22037340.87,642468,34.3,2428,3.41,12.01,0.5,0.55,0.5,3
FT046,Digi,12,2022,4,2022-09-17,Ethiopia,Mobile Money,4.25,0,0,0,341889.94,-48.97,122027.92,35.69,0,0.0,Series B,0.0,137315,104.14,21274939.74,955071,22.28,1274,3.64,9.29,0.5,0.55,0.5,0
FT046,Digi,13,2022,1,2022-12-16,Ethiopia,Mobile Money,4.5,0,0,0,399471.73,-21.52,145108.93,36.33,0,0.0,Series B,0.0,211150,213.9,32714453.9,544102,60.13,3588,2.34,10.59,0.5,0.55,0.5,1
FT046,Digi,14,2023,2,2023-03-16,Ethiopia,Mobile Money,4.75,0,0,0,474445.63,-30.3,158837.99,33.48,0,8057671.72,Series C,8057671.72,187529,178.79,29054731.79,750533,38.71,2279,1.6,8.41,0.5,0.55,0.5,2
FT046,Digi,15,2023,3,2023-06-14,Ethiopia,Mobile Money,5.0,0,0,0,906942.11,-26.26,239244.17,26.38,0,0.0,Series B,0.0,198398,194.94,30738704.33,914564,33.61,1578,3.26,13.45,0.5,0.55,0.5,3
FT046,Digi,16,2023,4,2023-09-12,Ethiopia,Mobile Money,5.25,0,0,0,1275910.09,6.9,484709.22,37.99,0,0.0,Series B,0.0,287632,327.6,44564111.58,1274211,34.97,5338,2.91,9.91,0.5,0.55,0.5,0
FT047,SafeCash,1,2020,1,2020-01-01,Senegal,Digital Lending,13.7,0,0,0,71573.35,0.0,31513.83,44.03,0,0.0,Bootstrapped,0.0,26750,16.44,3256261.8,138094,23.58,0,3.77,13.45,0.18,0.65,0.65,1
FT047,SafeCash,2,2020,2,2020-03-31,Senegal,Digital Lending,13.95,0,0,0,48474.19,-73.8,15481.21,31.94,0,0.0,Bootstrapped,0.0,24075,4.79,2930701.01,50952,57.52,0,2.28,6.01,0.18,0.65,0.65,2
FT047,SafeCash,3,2020,3,2020-06-29,Senegal,Digital Lending,14.2,0,0,0,59783.31,-70.07,20831.81,34.85,0,0.0,Bootstrapped,0.0,27503,19.71,3347932.87,94559,35.41,0,2.18,6.12,0.18,0.65,0.65,3
FT047,SafeCash,4,2020,4,2020-09-27,Senegal,Digital Lending,14.45,0,0,0,62642.17,-66.68,15151.85,24.19,0,0.0,Bootstrapped,0.0,30623,33.29,3727710.96,175163,21.28,0,1.41,13.32,0.18,0.65,0.65,0
FT047,SafeCash,5,2020,1,2020-12-26,Senegal,Digital Lending,14.7,0,0,0,87565.47,-52.37,19112.34,21.83,0,0.0,Bootstrapped,0.0,43773,90.53,5328399.56,155781,34.2,0,1.41,9.01,0.18,0.65,0.65,1
FT047,SafeCash,6,2021,2,2021-03-26,Senegal,Digital Lending,14.95,0,0,0,91113.68,-59.68,20749.45,22.77,0,0.0,Bootstrapped,0.0,37055,61.29,4510645.01,107325,42.03,0,2.17,10.41,0.18,0.65,0.65,2
FT047,SafeCash,7,2021,3,2021-06-24,Senegal,Digital Lending,15.2,0,0,0,44357.21,-63.13,14142.14,31.88,0,0.0,Bootstrapped,0.0,33879,47.47,4124069.06,97493,42.3,0,0.96,13.67,0.18,0.65,0.65,3
FT047,SafeCash,8,2021,4,2021-09-22,Senegal,Digital Lending,15.45,0,0,0,110858.08,-49.6,24523.49,22.12,0,0.0,Bootstrapped,0.0,46319,101.62,5638383.18,329278,17.12,0,1.71,8.31,0.18,0.65,0.65,0
FT047,SafeCash,9,2021,1,2021-12-21,Senegal,Digital Lending,15.7,0,0,0,151943.83,-39.11,35057.78,23.07,0,2497623.69,Series B,2497623.69,55956,143.56,6811499.63,459483,14.82,0,2.89,11.71,0.18,0.65,0.65,1
FT047,SafeCash,10,2022,2,2022-03-21,Senegal,Digital Lending,15.95,0,0,0,113635.64,-43.75,26199.28,23.06,0,0.0,Bootstrapped,0.0,51687,124.98,6291847.28,115641,54.41,0,1.8,6.23,0.18,0.65,0.65,2
FT047,SafeCash,11,2022,3,2022-06-19,Senegal,Digital Lending,16.2,0,0,0,122437.66,-43.88,34685.04,28.33,0,0.0,Bootstrapped,0.0,51572,124.48,6277754.23,356732,17.6,0,1.92,13.78,0.18,0.65,0.65,3
FT047,SafeCash,12,2022,4,2022-09-17,Senegal,Digital Lending,16.45,0,0,0,196283.21,-25.21,74066.01,37.73,0,0.0,Bootstrapped,0.0,68732,199.17,8366660.16,495070,16.9,0,1.82,7.65,0.18,0.65,0.65,0
FT047,SafeCash,13,2022,1,2022-12-16,Senegal,Digital Lending,16.7,0,0,0,102791.54,-9.4,27152.94,26.42,0,0.0,Bootstrapped,0.0,83262,262.42,10135302.58,428690,23.64,0,1.45,12.63,0.18,0.65,0.65,1
FT047,SafeCash,14,2023,2,2023-03-16,Senegal,Digital Lending,16.95,0,0,0,246917.4,7.01,56621.95,22.93,0,0.0,Bootstrapped,0.0,98340,328.05,11970708.38,760746,15.74,0,2.0,6.58,0.18,0.65,0.65,2
FT047,SafeCash,15,2023,3,2023-06-14,Senegal,Digital Lending,17.2,0,0,0,189179.84,-12.9,64297.82,33.99,0,0.0,Bootstrapped,0.0,80042,248.4,9743337.56,429548,22.68,0,2.16,10.99,0.18,0.65,0.65,3
FT047,SafeCash,16,2023,4,2023-09-12,Senegal,Digital Lending,17.45,0,0,0,341052.75,22.08,61446.24,18.02,0,2344223.32,Series C,2344223.32,112189,388.33,13656617.02,517896,26.37,0,3.15,15.07,0.18,0.65,0.65,0
FT048,TechTech,1,2020,1,2020-01-01,South Africa,Payment Gateway,1.8,0,0,0,855150.48,0.0,260312.76,30.44,0,0.0,Series A,0.0,151566,12.34,65043158.27,804309,80.87,0,4.17,6.42,0.8,0.9,0.75,1
FT048,TechTech,2,2020,2,2020-03-31,South Africa,Payment Gateway,2.05,0,0,0,1224300.19,-75.52,225610.67,18.43,0,0.0,Series A,0.0,132111,-2.08,56694364.61,1000218,56.68,0,10.39,5.93,0.8,0.9,0.75,2
FT048,TechTech,3,2020,3,2020-06-29,South Africa,Payment Gateway,2.3,0,0,0,1198742.36,-69.57,381112.55,31.79,0,2791821.19,Seed,2791821.19,164190,21.7,70460980.3,975378,72.24,0,5.17,8.26,0.8,0.9,0.75,3
FT048,TechTech,4,2020,4,2020-09-27,South Africa,Payment Gateway,2.55,0,0,0,1221188.37,-66.18,440657.33,36.08,0,0.0,Series A,0.0,182490,35.26,78314051.23,1247398,62.78,0,4.96,6.36,0.8,0.9,0.75,0
FT048,TechTech,5,2020,1,2020-12-26,South Africa,Payment Gateway,2.8,0,0,0,2914116.47,-52.22,435803.42,14.95,0,0.0,Series A,0.0,257845,91.12,110652002.61,1504411,73.55,0,11.23,5.94,0.8,0.9,0.75,1
FT048,TechTech,6,2021,2,2021-03-26,South Africa,Payment Gateway,3.05,0,0,0,1587190.41,-61.21,533633.39,33.62,0,0.0,Series A,0.0,209315,55.15,89825937.77,1654830,54.28,0,8.23,11.95,0.8,0.9,0.75,2
FT048,TechTech,7,2021,3,2021-06-24,South Africa,Payment Gateway,3.3,0,0,0,2028453.7,-53.83,526863.73,25.97,0,0.0,Series A,0.0,249136,84.66,106914611.69,804914,132.83,0,7.29,12.61,0.8,0.9,0.75,3
FT048,TechTech,8,2021,4,2021-09-22,South Africa,Payment Gateway,3.55,0,0,0,3240243.54,-51.17,899115.59,27.75,0,2449277.86,Series B,2449277.86,263516,95.32,113085814.32,765162,147.79,0,12.14,15.16,0.8,0.9,0.75,0
FT048,TechTech,9,2021,1,2021-12-21,South Africa,Payment Gateway,3.8,0,0,0,2951249.31,-35.67,931176.39,31.55,0,0.0,Series A,0.0,347171,157.33,148985410.76,1872313,79.57,0,11.9,15.52,0.8,0.9,0.75,1
FT048,TechTech,10,2022,2,2022-03-21,South Africa,Payment Gateway,4.05,0,0,0,2810461.09,-40.52,587043.68,20.89,0,0.0,Series A,0.0,320959,137.9,137736576.37,2458501,56.02,0,9.64,5.88,0.8,0.9,0.75,2
FT048,TechTech,11,2022,3,2022-06-19,South Africa,Payment Gateway,4.3,0,0,0,2043108.64,-49.01,590209.31,28.89,0,0.0,Series A,0.0,275183,103.97,118092271.54,767150,153.94,0,7.45,7.51,0.8,0.9,0.75,3
FT048,TechTech,12,2022,4,2022-09-17,South Africa,Payment Gateway,4.55,0,0,0,3701344.74,-29.74,892020.55,24.1,0,0.0,Series A,0.0,379153,181.03,162710116.38,2064052,78.83,0,12.35,10.26,0.8,0.9,0.75,0
FT048,TechTech,13,2022,1,2022-12-16,South Africa,Payment Gateway,4.8,0,0,0,5492775.44,2.76,1726453.73,31.43,0,0.0,Series A,0.0,554572,311.06,237989729.14,1287253,184.88,0,5.85,15.66,0.8,0.9,0.75,1
FT048,TechTech,14,2023,2,2023-03-16,South Africa,Payment Gateway,5.05,0,0,0,2369962.57,-18.41,735064.67,31.02,0,0.0,Series A,0.0,440325,226.38,188961304.97,2701691,69.94,0,2.93,8.1,0.8,0.9,0.75,2
FT048,TechTech,15,2023,3,2023-06-14,South Africa,Payment Gateway,5.3,0,0,0,1715646.55,-29.87,471380.44,27.48,0,0.0,Series A,0.0,378448,180.51,162407674.78,818110,198.52,0,5.53,15.6,0.8,0.9,0.75,3
FT048,TechTech,16,2023,4,2023-09-12,South Africa,Payment Gateway,5.55,0,0,0,3396499.79,6.08,730110.5,21.5,0,0.0,Series A,0.0,572466,324.32,245668376.37,2546467,96.47,0,3.36,13.12,0.8,0.9,0.75,0
FT049,Digi,1,2020,1,2020-01-01,Kenya,Remittance,2.4,0,0,0,482543.63,0.0,187955.03,38.95,0,0.0,Series A,0.0,57842,21.86,26512693.47,462993,57.26,0,6.88,15.17,0.4,0.8,0.7,1
FT049,Digi,2,2020,2,2020-03-31,Kenya,Remittance,2.65,0,0,0,450798.54,-73.04,150252.25,33.33,0,0.0,Series A,0.0,51177,7.82,23457862.77,189150,124.02,0,10.91,14.35,0.4,0.8,0.7,2
FT049,Digi,3,2020,3,2020-06-29,Kenya,Remittance,2.9,0,0,0,859840.89,-65.83,273902.83,31.86,0,0.0,Series A,0.0,64875,36.68,29736300.6,161015,184.68,0,19.0,12.81,0.4,0.8,0.7,3
FT049,Digi,4,2020,4,2020-09-27,Kenya,Remittance,3.15,0,0,0,504384.47,-59.7,145176.66,28.78,0,0.0,Series A,0.0,76517,61.21,35072528.4,499111,70.27,0,3.98,15.35,0.4,0.8,0.7,0
FT049,Digi,5,2020,1,2020-12-26,Kenya,Remittance,3.4,0,0,0,751278.57,-57.61,259004.7,34.48,0,0.0,Series A,0.0,80478,69.56,36887995.78,614064,60.07,0,11.48,9.56,0.4,0.8,0.7,1
FT049,Digi,6,2021,2,2021-03-26,Kenya,Remittance,3.65,0,0,0,961435.53,-53.94,333985.8,34.74,0,0.0,Series A,0.0,87448,84.24,40082763.65,505039,79.37,0,10.54,8.01,0.4,0.8,0.7,2
FT049,Digi,7,2021,3,2021-06-24,Kenya,Remittance,3.9,0,0,0,652665.71,-57.31,215830.74,33.07,0,0.0,Series A,0.0,81056,70.77,37153042.75,534069,69.57,0,12.01,13.34,0.4,0.8,0.7,3
FT049,Digi,8,2021,4,2021-09-22,Kenya,Remittance,4.15,0,0,0,768652.99,-55.9,285449.17,37.14,0,0.0,Series A,0.0,83727,76.4,38377329.7,273215,140.47,0,11.67,7.65,0.4,0.8,0.7,0
FT049,Digi,9,2021,1,2021-12-21,Kenya,Remittance,4.4,0,0,0,1125939.65,-35.43,300634.49,26.7,0,0.0,Series A,0.0,122585,158.27,56188225.4,577068,97.37,0,9.23,7.1,0.4,0.8,0.7,1
FT049,Digi,10,2022,2,2022-03-21,Kenya,Remittance,4.65,0,0,0,1234920.75,-31.89,395857.07,32.06,0,0.0,Series A,0.0,129311,172.44,59270867.26,889193,66.66,0,13.82,9.12,0.4,0.8,0.7,2
FT049,Digi,11,2022,3,2022-06-19,Kenya,Remittance,4.9,0,0,0,1571409.88,-37.04,648569.42,41.27,0,0.0,Series A,0.0,119538,151.85,54791620.28,287858,190.34,0,11.61,13.59,0.4,0.8,0.7,3
FT049,Digi,12,2022,4,2022-09-17,Kenya,Remittance,5.15,0,0,0,791410.1,-32.21,272827.03,34.47,0,0.0,Series A,0.0,128704,171.16,58992810.66,609786,96.74,0,6.84,11.19,0.4,0.8,0.7,0
FT049,Digi,13,2022,1,2022-12-16,Kenya,Remittance,5.4,0,0,0,2385971.3,-5.2,1013426.56,42.47,0,0.0,Series A,0.0,179986,279.2,82498151.16,1479643,55.76,0,18.49,15.46,0.4,0.8,0.7,1
FT049,Digi,14,2023,2,2023-03-16,Kenya,Remittance,5.65,0,0,0,990022.43,-6.75,223589.43,22.58,0,4702740.54,Series C,4702740.54,177038,272.99,81147022.08,1266875,64.05,0,3.05,10.96,0.4,0.8,0.7,2
FT049,Digi,15,2023,3,2023-06-14,Kenya,Remittance,5.9,0,0,0,2089706.28,-12.28,586810.24,28.08,0,0.0,Series A,0.0,166536,250.87,76333453.01,851185,89.68,0,17.64,6.51,0.4,0.8,0.7,3
FT049,Digi,16,2023,4,2023-09-12,Kenya,Remittance,6.15,0,0,0,1196963.64,-12.34,427170.49,35.69,0,0.0,Series A,0.0,166435,250.65,76287150.57,864063,88.29,0,4.77,13.78,0.4,0.8,0.7,0
FT050,CashAfrica,1,2020,1,2020-01-01,Ethiopia,Investment Platform,1.3,0,0,0,1050584.05,0.0,505459.4,48.11,0,0.0,Seed,0.0,108172,25.68,49916663.26,466910,106.91,0,9.17,8.15,0.5,0.55,0.5,1
FT050,CashAfrica,2,2020,2,2020-03-31,Ethiopia,Investment Platform,1.55,0,0,0,1081729.13,-70.9,366426.5,33.87,0,0.0,Seed,0.0,100182,16.39,46229578.4,314820,146.84,0,7.47,9.56,0.5,0.55,0.5,2
FT050,CashAfrica,3,2020,3,2020-06-29,Ethiopia,Investment Platform,1.8,0,0,0,1065576.8,-77.09,391063.99,36.7,0,0.0,Seed,0.0,78869,-8.37,36394738.23,278553,130.66,0,18.58,8.64,0.5,0.55,0.5,3
FT050,CashAfrica,4,2020,4,2020-09-27,Ethiopia,Investment Platform,2.05,0,0,0,1395076.93,-65.11,369325.32,26.47,0,0.0,Seed,0.0,120123,39.56,55431254.33,308396,179.74,0,7.44,12.1,0.5,0.55,0.5,0
FT050,CashAfrica,5,2020,1,2020-12-26,Ethiopia,Investment Platform,2.3,0,0,0,1071423.31,-56.96,151951.56,14.18,0,0.0,Seed,0.0,148170,72.15,68373547.04,858825,79.61,0,4.18,6.54,0.5,0.55,0.5,1
FT050,CashAfrica,6,2021,2,2021-03-26,Ethiopia,Investment Platform,2.55,0,0,0,764795.54,-63.57,208516.04,27.26,0,0.0,Seed,0.0,125422,45.72,57876501.61,621677,93.1,0,5.27,12.29,0.5,0.55,0.5,2
FT050,CashAfrica,7,2021,3,2021-06-24,Ethiopia,Investment Platform,2.8,0,0,0,1815739.25,-58.82,561312.84,30.91,0,0.0,Seed,0.0,141769,64.71,65420185.86,465485,140.54,0,10.22,13.9,0.5,0.55,0.5,3
FT050,CashAfrica,8,2021,4,2021-09-22,Ethiopia,Investment Platform,3.05,0,0,0,2130090.52,-54.3,711503.07,33.4,0,0.0,Seed,0.0,157343,82.8,72606876.5,344153,210.97,0,7.67,16.06,0.5,0.55,0.5,0
FT050,CashAfrica,9,2021,1,2021-12-21,Ethiopia,Investment Platform,3.3,0,0,0,2854962.66,-37.99,983199.71,34.44,0,0.0,Seed,0.0,213500,148.05,98520626.13,1093559,90.09,0,16.08,6.12,0.5,0.55,0.5,1
FT050,CashAfrica,10,2022,2,2022-03-21,Ethiopia,Investment Platform,3.55,0,0,0,1340372.25,-40.97,421603.52,31.45,0,0.0,Seed,0.0,203247,136.13,93789409.69,642816,145.9,0,4.72,14.68,0.5,0.55,0.5,2
FT050,CashAfrica,11,2022,3,2022-06-19,Ethiopia,Investment Platform,3.8,0,0,0,1403520.41,-39.83,612417.41,43.63,0,0.0,Seed,0.0,207171,140.69,95600132.31,767043,124.63,0,7.0,15.57,0.5,0.55,0.5,3
FT050,CashAfrica,12,2022,4,2022-09-17,Ethiopia,Investment Platform,4.05,0,0,0,2957737.78,-22.03,886198.01,29.96,0,0.0,Seed,0.0,268440,211.88,123872543.67,1175140,105.41,0,10.52,10.47,0.5,0.55,0.5,0
FT050,CashAfrica,13,2022,1,2022-12-16,Ethiopia,Investment Platform,4.3,0,0,0,1554925.91,-9.75,453803.12,29.18,0,0.0,Seed,0.0,310736,261.02,143390313.8,1359010,105.51,0,6.31,16.01,0.5,0.55,0.5,1
FT050,CashAfrica,14,2023,2,2023-03-16,Ethiopia,Investment Platform,4.55,0,0,0,1956435.92,-11.67,360040.21,18.4,0,0.0,Seed,0.0,304094,253.3,140325561.37,2333814,60.13,0,6.69,14.55,0.5,0.55,0.5,2
FT050,CashAfrica,15,2023,3,2023-06-14,Ethiopia,Investment Platform,4.8,0,0,0,2261741.92,-34.04,637817.83,28.2,0,0.0,Seed,0.0,227097,163.84,104794711.16,1013655,103.38,0,11.29,6.46,0.5,0.55,0.5,3
FT050,CashAfrica,16,2023,4,2023-09-12,Ethiopia,Investment Platform,5.05,0,0,0,1980125.97,0.36,750068.32,37.88,0,0.0,Seed,0.0,345518,301.43,159440531.9,1943553,82.04,0,6.24,6.35,0.5,0.55,0.5,0
FT051,SwiftBank,1,2020,1,2020-01-01,Uganda,Digital Banking,2.2,0,0,0,47279.15,0.0,13516.07,28.59,0,0.0,Series A,0.0,22260,21.13,2863950.81,149967,19.1,0,1.96,12.07,0.2,0.6,0.55,1
FT051,SwiftBank,2,2020,2,2020-03-31,Uganda,Digital Banking,2.45,0,0,0,76632.61,-69.08,25828.33,33.7,0,0.0,Series A,0.0,22730,23.68,2924330.32,48828,59.89,0,2.23,14.65,0.2,0.6,0.55,2
FT051,SwiftBank,3,2020,3,2020-06-29,Uganda,Digital Banking,2.7,0,0,0,59593.45,-73.54,18153.03,30.46,0,0.0,Series A,0.0,19452,5.85,2502632.56,41904,59.72,0,2.2,12.28,0.2,0.6,0.55,3
FT051,SwiftBank,4,2020,4,2020-09-27,Uganda,Digital Banking,2.95,0,0,0,50161.18,-60.75,14834.65,29.57,0,0.0,Series A,0.0,28850,56.99,3711709.66,225722,16.44,0,1.31,13.91,0.2,0.6,0.55,0
FT051,SwiftBank,5,2020,1,2020-12-26,Uganda,Digital Banking,3.2,0,0,0,72999.68,-43.39,24819.46,34.0,0,0.0,Series A,0.0,41610,126.42,5353385.98,175237,30.55,0,2.09,9.35,0.2,0.6,0.55,1
FT051,SwiftBank,6,2021,2,2021-03-26,Uganda,Digital Banking,3.45,0,0,0,72124.32,-60.66,29306.58,40.63,0,0.0,Series A,0.0,28921,57.37,3720903.42,129989,28.62,0,2.9,12.24,0.2,0.6,0.55,2
FT051,SwiftBank,7,2021,3,2021-06-24,Uganda,Digital Banking,3.7,0,0,0,56041.17,-58.29,17711.32,31.6,0,0.0,Series A,0.0,30659,66.83,3944494.25,87213,45.23,0,1.33,8.19,0.2,0.6,0.55,3
FT051,SwiftBank,8,2021,4,2021-09-22,Uganda,Digital Banking,3.95,0,0,0,93053.4,-56.82,42630.64,45.81,0,0.0,Series A,0.0,31743,72.73,4083930.32,87751,46.54,0,2.46,12.68,0.2,0.6,0.55,0
FT051,SwiftBank,9,2021,1,2021-12-21,Uganda,Digital Banking,4.2,0,0,0,62072.82,-46.75,18950.1,30.53,0,0.0,Series A,0.0,39144,113.0,5036140.49,254258,19.81,0,1.75,14.4,0.2,0.6,0.55,1
FT051,SwiftBank,10,2022,2,2022-03-21,Uganda,Digital Banking,4.45,0,0,0,110293.1,-47.36,41251.54,37.4,0,0.0,Series A,0.0,38694,110.55,4978191.36,309297,16.1,0,2.79,9.11,0.2,0.6,0.55,2
FT051,SwiftBank,11,2022,3,2022-06-19,Uganda,Digital Banking,4.7,0,0,0,61347.86,-63.29,12424.06,20.25,0,0.0,Series A,0.0,26985,46.84,3471729.68,102990,33.71,0,1.9,13.84,0.2,0.6,0.55,3
FT051,SwiftBank,12,2022,4,2022-09-17,Uganda,Digital Banking,4.95,0,0,0,84846.92,-67.28,26964.35,31.78,0,0.0,Series A,0.0,24055,30.89,3094802.25,53647,57.69,0,4.12,5.38,0.2,0.6,0.55,0
FT051,SwiftBank,13,2022,1,2022-12-16,Uganda,Digital Banking,5.2,1,1,0,19.01,-99.98,5.95,31.28,0,0.0,Series A,0.0,1000,-94.56,1488.93,4463,0.33,0,0.02,58.84,0.2,0.6,0.55,1
FT051,SwiftBank,14,2023,2,2023-03-16,Uganda,Digital Banking,5.45,1,1,0,12.97,-99.99,4.58,35.32,0,0.0,Series A,0.0,1000,-94.56,1064.12,6844,0.16,0,0.02,32.18,0.2,0.6,0.55,2
FT051,SwiftBank,15,2023,3,2023-06-14,Uganda,Digital Banking,5.7,1,1,0,17.2,-99.99,7.72,44.9,0,0.0,Series A,0.0,1000,-94.56,645.29,4731,0.14,0,0.02,39.81,0.2,0.6,0.55,3
FT051,SwiftBank,16,2023,4,2023-09-12,Uganda,Digital Banking,5.95,1,1,1,11.22,-100.0,3.33,29.64,0,0.0,Series A,0.0,1000,-94.56,419.63,7582,0.06,0,0.01,38.56,0.2,0.6,0.55,0
FT052,Money,1,2020,1,2020-01-01,Kenya,Mobile Money,3.2,0,0,0,144141.42,0.0,44178.48,30.65,0,0.0,Seed,0.0,77827,21.97,5866011.89,459047,12.78,1028,2.11,7.97,0.4,0.8,0.7,1
FT052,Money,2,2020,2,2020-03-31,Kenya,Mobile Money,3.45,0,0,0,55146.39,-76.86,19579.39,35.5,0,0.0,Seed,0.0,59074,-7.42,4452519.92,148151,30.05,916,1.2,8.94,0.4,0.8,0.7,2
FT052,Money,3,2020,3,2020-06-29,Kenya,Mobile Money,3.7,0,0,0,53521.62,-75.21,9846.56,18.4,0,0.0,Seed,0.0,63264,-0.86,4768356.65,179423,26.58,360,1.08,7.9,0.4,0.8,0.7,3
FT052,Money,4,2020,4,2020-09-27,Kenya,Mobile Money,3.95,0,0,0,142901.72,-69.15,32735.9,22.91,0,0.0,Seed,0.0,78739,23.4,5934768.85,549429,10.8,942,2.05,9.97,0.4,0.8,0.7,0
FT052,Money,5,2020,1,2020-12-26,Kenya,Mobile Money,4.2,0,0,0,221578.8,-56.06,48777.81,22.01,0,0.0,Seed,0.0,112154,75.76,8453309.7,638005,13.25,1773,1.98,14.64,0.4,0.8,0.7,1
FT052,Money,6,2021,2,2021-03-26,Kenya,Mobile Money,4.45,0,0,0,80483.15,-62.32,26425.21,32.83,0,0.0,Seed,0.0,96172,50.72,7248689.13,723138,10.02,1263,0.54,13.09,0.4,0.8,0.7,2
FT052,Money,7,2021,3,2021-06-24,Kenya,Mobile Money,4.7,0,0,0,233248.27,-49.71,66889.99,28.68,0,1641512.96,Series A,1641512.96,128355,101.15,9674363.94,866379,11.17,1670,2.14,9.63,0.4,0.8,0.7,3
FT052,Money,8,2021,4,2021-09-22,Kenya,Mobile Money,4.95,0,0,0,219790.18,-44.1,98193.79,44.68,0,0.0,Seed,0.0,142684,123.61,10754393.1,910905,11.81,2264,2.15,6.48,0.4,0.8,0.7,0
FT052,Money,9,2021,1,2021-12-21,Kenya,Mobile Money,5.2,0,0,0,288831.57,-30.51,73697.33,25.52,0,0.0,Seed,0.0,177373,177.97,13369002.91,597055,22.39,1386,1.83,8.78,0.4,0.8,0.7,1
FT052,Money,10,2022,2,2022-03-21,Kenya,Mobile Money,5.45,0,0,0,174060.9,-44.37,49406.94,28.38,0,0.0,Seed,0.0,141995,122.53,10702455.77,463933,23.07,1232,1.16,8.62,0.4,0.8,0.7,2
FT052,Money,11,2022,3,2022-06-19,Kenya,Mobile Money,5.7,0,0,0,175729.74,-30.51,45547.14,25.92,0,0.0,Seed,0.0,177372,177.97,13368853.32,861258,15.52,3253,0.93,14.71,0.4,0.8,0.7,3
FT052,Money,12,2022,4,2022-09-17,Kenya,Mobile Money,5.95,0,0,0,284926.0,-25.09,89534.96,31.42,0,0.0,Seed,0.0,191192,199.63,14410508.7,1243515,11.59,2869,0.81,8.68,0.4,0.8,0.7,0
FT052,Money,13,2022,1,2022-12-16,Kenya,Mobile Money,6.2,0,0,0,318283.31,-12.93,110063.08,34.58,0,0.0,Seed,0.0,222249,248.3,16751325.73,523982,31.97,1660,1.7,10.65,0.4,0.8,0.7,1
FT052,Money,14,2023,2,2023-03-16,Kenya,Mobile Money,6.45,0,0,0,294450.22,-6.63,108119.93,36.72,0,0.0,Seed,0.0,238328,273.5,17963276.06,762870,23.55,1453,1.62,13.15,0.4,0.8,0.7,2
FT052,Money,15,2023,3,2023-06-14,Kenya,Mobile Money,6.7,0,0,0,369714.83,-1.65,134528.89,36.39,0,0.0,Seed,0.0,251036,293.41,18921079.1,1359279,13.92,4184,1.47,9.0,0.4,0.8,0.7,3
FT052,Money,16,2023,4,2023-09-12,Kenya,Mobile Money,6.95,0,0,0,534254.95,21.5,100037.23,18.72,0,0.0,Seed,0.0,310126,386.01,23374781.06,1136475,20.57,5131,1.83,14.52,0.4,0.8,0.7,0
FT053,SmartAfrica,1,2020,1,2020-01-01,Zambia,Remittance,4.1,0,0,0,98542.27,0.0,29740.36,30.18,0,0.0,Seed,0.0,30361,37.65,8590356.6,260101,33.03,0,3.62,11.16,0.2,0.6,0.5,1
FT053,SmartAfrica,2,2020,2,2020-03-31,Zambia,Remittance,4.35,0,0,0,195112.8,-69.18,56234.32,28.82,0,0.0,Seed,0.0,27190,23.27,7693180.18,69659,110.44,0,9.6,6.5,0.2,0.6,0.5,2
FT053,SmartAfrica,3,2020,3,2020-06-29,Zambia,Remittance,4.6,0,0,0,198753.2,-72.28,55946.95,28.15,0,0.0,Seed,0.0,24459,10.89,6920404.25,122346,56.56,0,6.86,8.83,0.2,0.6,0.5,3
FT053,SmartAfrica,4,2020,4,2020-09-27,Zambia,Remittance,4.85,0,0,0,227535.16,-63.56,68260.11,30.0,0,795040.32,Series A,795040.32,32147,45.75,9095656.25,256536,35.46,0,7.46,14.34,0.2,0.6,0.5,0
FT053,SmartAfrica,5,2020,1,2020-12-26,Zambia,Remittance,5.1,0,0,0,200367.12,-53.7,72759.58,36.31,0,0.0,Seed,0.0,40852,85.21,11558502.43,98886,116.89,0,7.13,8.22,0.2,0.6,0.5,1
FT053,SmartAfrica,6,2021,2,2021-03-26,Zambia,Remittance,5.35,0,0,0,190582.7,-58.77,36607.79,19.21,0,0.0,Seed,0.0,36375,64.91,10291830.26,274043,37.56,0,2.65,14.18,0.2,0.6,0.5,2
FT053,SmartAfrica,7,2021,3,2021-06-24,Zambia,Remittance,5.6,0,0,0,203300.36,-60.93,74465.56,36.63,0,8196330.86,Series A,8196330.86,34466,56.26,9751678.02,235811,41.35,0,3.47,12.88,0.2,0.6,0.5,3
FT053,SmartAfrica,8,2021,4,2021-09-22,Zambia,Remittance,5.85,0,0,0,154555.93,-56.31,54280.93,35.12,0,0.0,Seed,0.0,38542,74.74,10904925.63,288590,37.79,0,2.66,14.04,0.2,0.6,0.5,0
FT053,SmartAfrica,9,2021,1,2021-12-21,Zambia,Remittance,6.1,0,0,0,184731.39,-44.88,53783.5,29.11,0,0.0,Seed,0.0,48632,120.48,13759772.41,299390,45.96,0,2.5,13.5,0.2,0.6,0.5,1
FT053,SmartAfrica,10,2022,2,2022-03-21,Zambia,Remittance,6.35,0,0,0,211362.62,-54.25,63595.58,30.09,0,0.0,Seed,0.0,40364,83.0,11420605.21,111773,102.18,0,7.24,15.82,0.2,0.6,0.5,2
FT053,SmartAfrica,11,2022,3,2022-06-19,Zambia,Remittance,6.6,0,0,0,255852.11,-42.52,57682.11,22.55,0,0.0,Seed,0.0,50714,129.92,14348932.16,115307,124.44,0,3.95,9.98,0.2,0.6,0.5,3
FT053,SmartAfrica,12,2022,4,2022-09-17,Zambia,Remittance,6.85,0,0,0,353274.99,-41.95,90957.4,25.75,0,0.0,Seed,0.0,51213,132.19,14490089.3,134059,108.09,0,5.69,9.48,0.2,0.6,0.5,0
FT053,SmartAfrica,13,2022,1,2022-12-16,Zambia,Remittance,7.1,0,0,0,377863.71,-20.79,120158.47,31.8,0,9475125.76,Series C,9475125.76,69885,216.84,19773052.92,392770,50.34,0,5.35,9.57,0.2,0.6,0.5,1
FT053,SmartAfrica,14,2023,2,2023-03-16,Zambia,Remittance,7.35,0,0,0,204325.3,-21.95,55970.52,27.39,0,0.0,Seed,0.0,68857,212.18,19482151.5,519547,37.5,0,2.76,13.09,0.2,0.6,0.5,2
FT053,SmartAfrica,15,2023,3,2023-06-14,Zambia,Remittance,7.6,0,0,0,218171.41,-29.86,52292.78,23.97,0,0.0,Seed,0.0,61881,180.55,17508279.24,124023,141.17,0,2.14,13.86,0.2,0.6,0.5,3
FT053,SmartAfrica,16,2023,4,2023-09-12,Zambia,Remittance,7.85,0,0,0,316026.93,-16.37,142591.38,45.12,0,0.0,Seed,0.0,73780,234.5,20874956.7,525860,39.7,0,2.58,10.59,0.2,0.6,0.5,0
FT054,InstantPro,1,2020,1,2020-01-01,Ghana,Investment Platform,9.3,0,0,0,96143.31,0.0,26161.91,27.21,0,0.0,Series B,0.0,19333,20.04,5455578.02,87756,62.17,0,6.75,17.24,0.3,0.65,0.6,1
FT054,InstantPro,2,2020,2,2020-03-31,Ghana,Investment Platform,9.55,0,0,0,121324.34,-68.54,53491.28,44.09,0,0.0,Series B,0.0,20267,25.84,5719099.06,81385,70.27,0,4.23,16.44,0.3,0.65,0.6,2
FT054,InstantPro,3,2020,3,2020-06-29,Ghana,Investment Platform,9.8,0,0,0,119518.88,-72.42,29827.89,24.96,0,0.0,Series B,0.0,17768,10.32,5013948.31,90097,55.65,0,6.32,6.77,0.3,0.65,0.6,3
FT054,InstantPro,4,2020,4,2020-09-27,Ghana,Investment Platform,10.05,0,0,0,141387.7,-70.55,29784.63,21.07,0,0.0,Series B,0.0,18969,17.78,5352610.67,90826,58.93,0,4.61,6.13,0.3,0.65,0.6,0
FT054,InstantPro,5,2020,1,2020-12-26,Ghana,Investment Platform,10.3,0,0,0,127120.83,-56.06,40252.23,31.66,0,0.0,Series B,0.0,28306,75.76,7987456.9,209909,38.05,0,3.28,7.6,0.3,0.65,0.6,1
FT054,InstantPro,6,2021,2,2021-03-26,Ghana,Investment Platform,10.55,0,0,0,69864.46,-65.4,32035.21,45.85,0,0.0,Series B,0.0,22292,38.41,6290328.13,70891,88.73,0,2.56,17.59,0.3,0.65,0.6,2
FT054,InstantPro,7,2021,3,2021-06-24,Ghana,Investment Platform,10.8,0,0,0,65577.67,-64.52,21362.55,32.58,0,0.0,Series B,0.0,22853,41.9,6448763.56,85295,75.61,0,3.99,12.36,0.3,0.65,0.6,3
FT054,InstantPro,8,2021,4,2021-09-22,Ghana,Investment Platform,11.05,0,0,0,167633.74,-60.04,49141.08,29.31,0,1013452.46,Series B,1013452.46,25744,59.85,7264558.31,135453,53.63,0,6.23,12.53,0.3,0.65,0.6,0
FT054,InstantPro,9,2021,1,2021-12-21,Ghana,Investment Platform,11.3,0,0,0,149773.52,-49.55,58392.18,38.99,0,0.0,Series B,0.0,32499,101.79,9170528.6,156026,58.78,0,6.0,11.24,0.3,0.65,0.6,1
FT054,InstantPro,10,2022,2,2022-03-21,Ghana,Investment Platform,11.55,0,0,0,269082.39,-45.13,70149.1,26.07,0,0.0,Series B,0.0,35350,119.49,9975120.69,174759,57.08,0,10.54,12.86,0.3,0.65,0.6,2
FT054,InstantPro,11,2022,3,2022-06-19,Ghana,Investment Platform,11.8,0,0,0,92323.77,-53.33,25436.24,27.55,0,0.0,Series B,0.0,30064,86.67,8483370.88,184500,45.98,0,2.75,11.85,0.3,0.65,0.6,3
FT054,InstantPro,12,2022,4,2022-09-17,Ghana,Investment Platform,12.05,0,0,0,182158.4,-45.12,69701.33,38.26,0,2825598.79,Series C,2825598.79,35356,119.53,9976786.66,257529,38.74,0,6.08,7.42,0.3,0.65,0.6,0
FT054,InstantPro,13,2022,1,2022-12-16,Ghana,Investment Platform,12.3,0,0,0,306897.29,-30.36,137610.36,44.84,0,0.0,Series B,0.0,44865,178.57,12660027.45,290533,43.58,0,5.2,16.16,0.3,0.65,0.6,1
FT054,InstantPro,14,2023,2,2023-03-16,Ghana,Investment Platform,12.55,0,0,0,291865.37,-36.91,88106.27,30.19,0,0.0,Series B,0.0,40641,152.34,11467983.9,291840,39.3,0,7.88,10.0,0.3,0.65,0.6,2
FT054,InstantPro,15,2023,3,2023-06-14,Ghana,Investment Platform,12.8,0,0,0,250858.32,-36.42,83550.97,33.31,0,0.0,Series B,0.0,40958,154.31,11557512.35,186469,61.98,0,6.99,16.73,0.3,0.65,0.6,3
FT054,InstantPro,16,2023,4,2023-09-12,Ghana,Investment Platform,13.05,0,0,0,249030.38,-22.29,86373.08,34.68,0,0.0,Series B,0.0,50063,210.85,14126837.72,149364,94.58,0,7.12,9.3,0.3,0.65,0.6,0
FT055,WalletAfrica,1,2020,1,2020-01-01,Uganda,Mobile Money,2.3,0,0,0,68783.33,0.0,13743.98,19.98,0,0.0,Bootstrapped,0.0,42560,11.68,3339615.52,344689,9.69,237,2.23,9.5,0.2,0.6,0.55,1
FT055,WalletAfrica,2,2020,2,2020-03-31,Uganda,Mobile Money,2.55,0,0,0,68519.27,-70.42,25636.12,37.41,0,0.0,Bootstrapped,0.0,45082,18.3,3537532.77,125051,28.29,247,1.4,16.26,0.2,0.6,0.55,2
FT055,WalletAfrica,3,2020,3,2020-06-29,Uganda,Mobile Money,2.8,0,0,0,74982.38,-75.07,15882.98,21.18,0,0.0,Bootstrapped,0.0,37996,-0.29,2981480.13,257511,11.58,310,2.35,8.39,0.2,0.6,0.55,3
FT055,WalletAfrica,4,2020,4,2020-09-27,Uganda,Mobile Money,3.05,0,0,0,104959.19,-65.78,26508.19,25.26,0,0.0,Bootstrapped,0.0,52168,36.9,4093566.39,241643,16.94,917,2.32,8.49,0.2,0.6,0.55,0
FT055,WalletAfrica,5,2020,1,2020-12-26,Uganda,Mobile Money,3.3,0,0,0,67837.31,-63.32,24898.36,36.7,0,0.0,Bootstrapped,0.0,55908,46.71,4387018.5,166097,26.41,367,1.48,13.84,0.2,0.6,0.55,1
FT055,WalletAfrica,6,2021,2,2021-03-26,Uganda,Mobile Money,3.55,0,0,0,119796.15,-64.8,37563.33,31.36,0,0.0,Bootstrapped,0.0,53659,40.81,4210546.58,138146,30.48,475,2.66,6.29,0.2,0.6,0.55,2
FT055,WalletAfrica,7,2021,3,2021-06-24,Uganda,Mobile Money,3.8,0,0,0,65363.05,-62.12,13735.21,21.01,0,0.0,Bootstrapped,0.0,57747,51.54,4531310.56,302486,14.98,823,1.08,16.25,0.2,0.6,0.55,3
FT055,WalletAfrica,8,2021,4,2021-09-22,Uganda,Mobile Money,4.05,0,0,0,166719.97,-48.06,42951.84,25.76,0,0.0,Bootstrapped,0.0,79172,107.76,6212508.94,394847,15.73,878,2.79,8.48,0.2,0.6,0.55,0
FT055,WalletAfrica,9,2021,1,2021-12-21,Uganda,Mobile Money,4.3,0,0,0,171329.63,-37.3,73503.46,42.9,0,0.0,Bootstrapped,0.0,95579,150.81,7499920.66,433254,17.31,619,1.38,15.8,0.2,0.6,0.55,1
FT055,WalletAfrica,10,2022,2,2022-03-21,Uganda,Mobile Money,4.55,0,0,0,192571.45,-45.35,48219.49,25.04,0,7198101.2,Series B,7198101.2,83301,118.59,6536507.97,339769,19.24,980,1.39,14.08,0.2,0.6,0.55,2
FT055,WalletAfrica,11,2022,3,2022-06-19,Uganda,Mobile Money,4.8,0,0,0,115348.19,-42.34,41176.26,35.7,0,0.0,Bootstrapped,0.0,87885,130.62,6896235.72,346902,19.88,1272,0.99,16.89,0.2,0.6,0.55,3
FT055,WalletAfrica,12,2022,4,2022-09-17,Uganda,Mobile Money,5.05,0,0,0,234886.65,-33.01,94143.42,40.08,0,0.0,Bootstrapped,0.0,102118,167.97,8013036.68,308248,26.0,1198,2.46,10.91,0.2,0.6,0.55,0
FT055,WalletAfrica,13,2022,1,2022-12-16,Uganda,Mobile Money,5.3,0,0,0,276570.96,-13.29,90743.62,32.81,0,0.0,Bootstrapped,0.0,132179,246.85,10371893.77,889139,11.67,1393,2.06,9.49,0.2,0.6,0.55,1
FT055,WalletAfrica,14,2023,2,2023-03-16,Uganda,Mobile Money,5.55,0,0,0,118394.99,-30.66,40524.63,34.23,0,0.0,Bootstrapped,0.0,105689,177.34,8293274.43,301326,27.52,2035,1.38,6.44,0.2,0.6,0.55,2
FT055,WalletAfrica,15,2023,3,2023-06-14,Uganda,Mobile Money,5.8,0,0,0,213690.03,-13.47,64604.45,30.23,0,0.0,Bootstrapped,0.0,131902,246.13,10350146.42,932655,11.1,1531,1.76,15.34,0.2,0.6,0.55,3
FT055,WalletAfrica,16,2023,4,2023-09-12,Uganda,Mobile Money,6.05,0,0,0,157232.22,-26.05,51931.06,33.03,0,0.0,Bootstrapped,0.0,112716,195.78,8844684.7,893789,9.9,899,1.39,14.48,0.2,0.6,0.55,0
FT056,ZapCash,1,2020,1,2020-01-01,Kenya,Digital Lending,6.1,0,0,0,461411.71,0.0,192510.8,41.72,0,0.0,Bootstrapped,0.0,68187,9.01,18739769.12,276229,67.84,0,5.35,11.85,0.4,0.8,0.7,1
FT056,ZapCash,2,2020,2,2020-03-31,Kenya,Digital Lending,6.35,0,0,0,560923.97,-64.69,248653.17,44.33,0,0.0,Bootstrapped,0.0,88359,41.26,24283661.26,239243,101.5,0,9.1,14.36,0.4,0.8,0.7,2
FT056,ZapCash,3,2020,3,2020-06-29,Kenya,Digital Lending,6.6,0,0,0,646065.63,-68.06,186704.41,28.9,0,0.0,Bootstrapped,0.0,79909,27.75,21961505.37,406440,54.03,0,7.25,15.37,0.4,0.8,0.7,3
FT056,ZapCash,4,2020,4,2020-09-27,Kenya,Digital Lending,6.85,0,0,0,365269.97,-66.29,122453.16,33.52,0,0.0,Bootstrapped,0.0,84345,34.84,23180573.51,441452,52.51,0,3.78,15.23,0.4,0.8,0.7,0
FT056,ZapCash,5,2020,1,2020-12-26,Kenya,Digital Lending,7.1,0,0,0,608293.32,-57.23,191375.34,31.46,0,0.0,Bootstrapped,0.0,107006,71.07,29408301.84,413564,71.11,0,7.36,7.15,0.4,0.8,0.7,1
FT056,ZapCash,6,2021,2,2021-03-26,Kenya,Digital Lending,7.35,0,0,0,560858.42,-53.92,147440.17,26.29,0,0.0,Bootstrapped,0.0,115302,84.33,31688394.44,723179,43.82,0,3.05,9.67,0.4,0.8,0.7,2
FT056,ZapCash,7,2021,3,2021-06-24,Kenya,Digital Lending,7.6,0,0,0,251509.09,-66.89,69328.33,27.56,0,0.0,Bootstrapped,0.0,82853,32.46,22770537.58,311628,73.07,0,3.99,13.68,0.4,0.8,0.7,3
FT056,ZapCash,8,2021,4,2021-09-22,Kenya,Digital Lending,7.85,0,0,0,557132.71,-49.26,175358.09,31.48,0,0.0,Bootstrapped,0.0,126946,102.95,34888362.04,624364,55.88,0,5.4,5.67,0.4,0.8,0.7,0
FT056,ZapCash,9,2021,1,2021-12-21,Kenya,Digital Lending,8.1,0,0,0,852120.65,-39.26,215039.54,25.24,0,0.0,Bootstrapped,0.0,151964,142.94,41764059.67,1273219,32.8,0,4.68,7.43,0.4,0.8,0.7,1
FT056,ZapCash,10,2022,2,2022-03-21,Kenya,Digital Lending,8.35,0,0,0,669524.57,-40.39,205291.41,30.66,0,0.0,Bootstrapped,0.0,149149,138.44,40990412.21,636386,64.41,0,2.54,7.26,0.4,0.8,0.7,2
FT056,ZapCash,11,2022,3,2022-06-19,Kenya,Digital Lending,8.6,0,0,0,1068178.56,-33.28,452454.63,42.36,0,0.0,Bootstrapped,0.0,166944,166.89,45881037.28,640590,71.62,0,5.15,6.91,0.4,0.8,0.7,3
FT056,ZapCash,12,2022,4,2022-09-17,Kenya,Digital Lending,8.85,0,0,0,1305339.23,-24.72,502908.52,38.53,0,0.0,Bootstrapped,0.0,188364,201.14,51767979.01,573391,90.28,0,6.98,11.16,0.4,0.8,0.7,0
FT056,ZapCash,13,2022,1,2022-12-16,Kenya,Digital Lending,9.1,0,0,0,1540800.6,-18.3,680972.11,44.2,0,0.0,Bootstrapped,0.0,204423,226.81,56181231.52,1439230,39.04,0,6.41,11.04,0.4,0.8,0.7,1
FT056,ZapCash,14,2023,2,2023-03-16,Kenya,Digital Lending,9.35,0,0,0,709579.34,-17.55,196628.34,27.71,0,0.0,Bootstrapped,0.0,206287,229.79,56693567.7,857588,66.11,0,3.27,13.62,0.4,0.8,0.7,2
FT056,ZapCash,15,2023,3,2023-06-14,Kenya,Digital Lending,9.6,0,0,0,1374367.74,-16.91,296362.89,21.56,0,0.0,Bootstrapped,0.0,207893,232.36,57134945.39,989428,57.75,0,8.0,12.36,0.4,0.8,0.7,3
FT056,ZapCash,16,2023,4,2023-09-12,Kenya,Digital Lending,9.85,0,0,0,1415480.67,12.89,423975.44,29.95,0,0.0,Bootstrapped,0.0,282447,351.54,77624584.36,606289,128.03,0,5.47,14.84,0.4,0.8,0.7,0
FT057,TrustMoney,1,2020,1,2020-01-01,Zambia,Digital Lending,3.3,0,0,0,232388.4,0.0,42074.5,18.11,0,0.0,Bootstrapped,0.0,33261,2.92,15455164.94,261931,59.0,0,4.09,8.35,0.2,0.6,0.5,1
FT057,TrustMoney,2,2020,2,2020-03-31,Zambia,Digital Lending,3.55,0,0,0,212190.19,-66.16,70836.43,33.38,0,0.0,Bootstrapped,0.0,43742,35.36,20325255.63,286528,70.94,0,4.2,13.59,0.2,0.6,0.5,2
FT057,TrustMoney,3,2020,3,2020-06-29,Zambia,Digital Lending,3.8,0,0,0,169804.4,-75.19,47219.5,27.81,0,0.0,Bootstrapped,0.0,32076,-0.74,14904382.99,76437,194.99,0,5.35,11.28,0.2,0.6,0.5,3
FT057,TrustMoney,4,2020,4,2020-09-27,Zambia,Digital Lending,4.05,0,0,0,235456.89,-62.77,55964.46,23.77,0,0.0,Bootstrapped,0.0,48127,48.92,22362833.29,211206,105.88,0,4.06,13.3,0.2,0.6,0.5,0
FT057,TrustMoney,5,2020,1,2020-12-26,Zambia,Digital Lending,4.3,0,0,0,262935.19,-61.9,53647.61,20.4,0,0.0,Bootstrapped,0.0,49248,52.39,22883411.8,114182,200.41,0,3.05,8.43,0.2,0.6,0.5,1
FT057,TrustMoney,6,2021,2,2021-03-26,Zambia,Digital Lending,4.55,0,0,0,681360.77,-57.72,168688.88,24.76,0,8371037.47,Series A,8371037.47,54656,69.13,25396621.89,362256,70.11,0,16.06,9.28,0.2,0.6,0.5,2
FT057,TrustMoney,7,2021,3,2021-06-24,Zambia,Digital Lending,4.8,0,0,0,278326.89,-66.95,110419.13,39.67,0,0.0,Bootstrapped,0.0,42716,32.18,19848266.01,86191,230.28,0,6.57,11.94,0.2,0.6,0.5,3
FT057,TrustMoney,8,2021,4,2021-09-22,Zambia,Digital Lending,5.05,0,0,0,295642.98,-53.49,88642.84,29.98,0,0.0,Bootstrapped,0.0,60118,86.03,27934558.08,217870,128.22,0,6.72,15.24,0.2,0.6,0.5,0
FT057,TrustMoney,9,2021,1,2021-12-21,Zambia,Digital Lending,5.3,0,0,0,735356.99,-48.83,272478.67,37.05,0,0.0,Bootstrapped,0.0,66149,104.69,30736658.45,202690,151.64,0,14.73,7.65,0.2,0.6,0.5,1
FT057,TrustMoney,10,2022,2,2022-03-21,Zambia,Digital Lending,5.55,0,0,0,913006.3,-44.29,235747.18,25.82,0,0.0,Bootstrapped,0.0,72015,122.84,33462315.78,534249,62.63,0,16.52,11.39,0.2,0.6,0.5,2
FT057,TrustMoney,11,2022,3,2022-06-19,Zambia,Digital Lending,5.8,0,0,0,559624.8,-52.77,140164.62,25.05,0,0.0,Bootstrapped,0.0,61051,88.92,28367833.79,420105,67.53,0,9.67,8.31,0.2,0.6,0.5,3
FT057,TrustMoney,12,2022,4,2022-09-17,Zambia,Digital Lending,6.05,0,0,0,1160133.11,-34.22,217142.39,18.72,0,4944664.9,Series C,4944664.9,85035,163.13,39512119.2,408724,96.67,0,15.64,16.26,0.2,0.6,0.5,0
FT057,TrustMoney,13,2022,1,2022-12-16,Zambia,Digital Lending,6.3,0,0,0,547240.48,-41.74,209861.83,38.35,0,0.0,Bootstrapped,0.0,75309,133.04,34992952.62,323368,108.21,0,9.54,7.73,0.2,0.6,0.5,1
FT057,TrustMoney,14,2023,2,2023-03-16,Zambia,Digital Lending,6.55,0,0,0,770867.17,-32.69,187978.83,24.39,0,0.0,Bootstrapped,0.0,87007,169.23,40428515.51,295856,136.65,0,11.43,13.67,0.2,0.6,0.5,2
FT057,TrustMoney,15,2023,3,2023-06-14,Zambia,Digital Lending,6.8,0,0,0,656846.67,-49.41,255001.89,38.82,0,0.0,Bootstrapped,0.0,65400,102.37,30388826.54,380310,79.91,0,10.8,11.29,0.2,0.6,0.5,3
FT057,TrustMoney,16,2023,4,2023-09-12,Zambia,Digital Lending,7.05,0,0,0,533613.6,-33.77,105074.39,19.69,0,0.0,Bootstrapped,0.0,85615,164.93,39781687.29,435743,91.3,0,6.18,18.04,0.2,0.6,0.5,0
FT058,PlusAfrica,1,2020,1,2020-01-01,Tanzania,Remittance,7.9,0,0,0,206958.36,0.0,41233.46,19.92,0,0.0,Series B,0.0,22315,21.75,7091328.75,62293,113.84,0,10.11,10.79,0.25,0.6,0.6,1
FT058,PlusAfrica,2,2020,2,2020-03-31,Tanzania,Remittance,8.15,0,0,0,183879.55,-72.91,39329.22,21.39,0,0.0,Series B,0.0,19859,8.35,6310923.0,141996,44.44,0,9.61,10.84,0.25,0.6,0.6,2
FT058,PlusAfrica,3,2020,3,2020-06-29,Tanzania,Remittance,8.4,0,0,0,127667.74,-71.11,29850.74,23.38,0,0.0,Series B,0.0,21179,15.55,6730085.65,81576,82.5,0,3.82,6.22,0.25,0.6,0.6,3
FT058,PlusAfrica,4,2020,4,2020-09-27,Tanzania,Remittance,8.65,0,0,0,144622.99,-71.01,45973.69,31.79,0,0.0,Series B,0.0,21253,15.95,6753771.41,141384,47.77,0,5.13,8.27,0.25,0.6,0.6,0
FT058,PlusAfrica,5,2020,1,2020-12-26,Tanzania,Remittance,8.9,0,0,0,144575.65,-61.63,62763.0,43.41,0,0.0,Series B,0.0,28131,53.48,8939513.66,244927,36.5,0,2.9,15.47,0.25,0.6,0.6,1
FT058,PlusAfrica,6,2021,2,2021-03-26,Tanzania,Remittance,9.15,0,0,0,136672.41,-60.72,55428.05,40.56,0,0.0,Series B,0.0,28798,57.12,9151180.37,223731,40.9,0,4.34,8.74,0.25,0.6,0.6,2
FT058,PlusAfrica,7,2021,3,2021-06-24,Tanzania,Remittance,9.4,0,0,0,133371.51,-57.89,33231.34,24.92,0,0.0,Series B,0.0,30876,68.45,9811644.78,124972,78.51,0,2.67,14.6,0.25,0.6,0.6,3
FT058,PlusAfrica,8,2021,4,2021-09-22,Tanzania,Remittance,9.65,0,0,0,121654.55,-57.55,33178.41,27.27,0,0.0,Series B,0.0,31124,69.81,9890438.03,188023,52.6,0,2.51,12.98,0.25,0.6,0.6,0
FT058,PlusAfrica,9,2021,1,2021-12-21,Tanzania,Remittance,9.9,0,0,0,407499.19,-40.19,108242.46,26.56,0,0.0,Series B,0.0,43851,139.24,13934588.98,191972,72.59,0,13.9,8.55,0.25,0.6,0.6,1
FT058,PlusAfrica,10,2022,2,2022-03-21,Tanzania,Remittance,10.15,0,0,0,264629.58,-44.33,115897.39,43.8,0,0.0,Series B,0.0,40814,122.67,12969740.28,188587,68.77,0,5.07,10.72,0.25,0.6,0.6,2
FT058,PlusAfrica,11,2022,3,2022-06-19,Tanzania,Remittance,10.4,0,0,0,151590.0,-44.41,36267.94,23.93,0,0.0,Series B,0.0,40758,122.37,12951971.84,228510,56.68,0,1.87,8.49,0.25,0.6,0.6,3
FT058,PlusAfrica,12,2022,4,2022-09-17,Tanzania,Remittance,10.65,0,0,0,438230.88,-34.33,88842.57,20.27,0,0.0,Series B,0.0,48147,162.68,15299926.61,364316,42.0,0,9.23,8.31,0.25,0.6,0.6,0
FT058,PlusAfrica,13,2022,1,2022-12-16,Tanzania,Remittance,10.9,0,0,0,374023.99,-17.13,102900.71,27.51,0,0.0,Series B,0.0,60755,231.47,19306424.52,187808,102.8,0,9.2,11.99,0.25,0.6,0.6,1
FT058,PlusAfrica,14,2023,2,2023-03-16,Tanzania,Remittance,11.15,0,0,0,282057.78,-25.83,99633.13,35.32,0,0.0,Series B,0.0,54381,196.69,17280730.98,164277,105.19,0,7.64,7.42,0.25,0.6,0.6,2
FT058,PlusAfrica,15,2023,3,2023-06-14,Tanzania,Remittance,11.4,0,0,0,262038.79,-17.96,59520.48,22.71,0,0.0,Series B,0.0,60144,228.14,19112243.91,201773,94.72,0,3.57,8.54,0.25,0.6,0.6,3
FT058,PlusAfrica,16,2023,4,2023-09-12,Tanzania,Remittance,11.65,0,0,0,619440.36,-6.6,148230.78,23.93,0,0.0,Series B,0.0,68479,273.61,21760717.12,529720,41.08,0,8.36,7.46,0.25,0.6,0.6,0
FT059,Plus,1,2020,1,2020-01-01,Senegal,Insurance Tech,2.2,0,0,0,135144.34,0.0,25820.34,19.11,0,5791952.07,Seed,5791952.07,19621,19.76,5726231.67,144350,39.67,0,8.87,11.19,0.18,0.65,0.65,1
FT059,Plus,2,2020,2,2020-03-31,Senegal,Insurance Tech,2.45,0,0,0,69927.31,-71.27,15966.84,22.83,0,0.0,Seed,0.0,18829,14.93,5495264.72,74249,74.01,0,4.03,12.62,0.18,0.65,0.65,2
FT059,Plus,3,2020,3,2020-06-29,Senegal,Insurance Tech,2.7,0,0,0,120649.97,-68.88,31931.32,26.47,0,0.0,Seed,0.0,20392,24.47,5951361.43,80538,73.9,0,3.52,15.2,0.18,0.65,0.65,3
FT059,Plus,4,2020,4,2020-09-27,Senegal,Insurance Tech,2.95,0,0,0,174242.79,-60.33,58586.91,33.62,0,0.0,Seed,0.0,25999,58.69,7587589.37,66199,114.62,0,3.8,11.75,0.18,0.65,0.65,0
FT059,Plus,5,2020,1,2020-12-26,Senegal,Insurance Tech,3.2,0,0,0,244301.06,-54.29,47003.48,19.24,0,0.0,Seed,0.0,29952,82.82,8741152.6,99605,87.76,0,8.5,15.25,0.18,0.65,0.65,1
FT059,Plus,6,2021,2,2021-03-26,Senegal,Insurance Tech,3.45,0,0,0,163194.0,-55.0,59807.89,36.65,0,0.0,Seed,0.0,29488,79.99,8605817.98,218195,39.44,0,4.35,8.26,0.18,0.65,0.65,2
FT059,Plus,7,2021,3,2021-06-24,Senegal,Insurance Tech,3.7,0,0,0,81889.69,-61.87,23938.08,29.23,0,0.0,Seed,0.0,24984,52.5,7291488.69,91449,79.73,0,2.36,10.35,0.18,0.65,0.65,3
FT059,Plus,8,2021,4,2021-09-22,Senegal,Insurance Tech,3.95,0,0,0,283084.26,-46.12,69306.03,24.48,0,0.0,Seed,0.0,35309,115.52,10304650.09,170258,60.52,0,10.8,5.48,0.18,0.65,0.65,0
FT059,Plus,9,2021,1,2021-12-21,Senegal,Insurance Tech,4.2,0,0,0,266006.99,-33.31,86323.81,32.45,0,0.0,Seed,0.0,43702,166.75,12753952.45,309675,41.18,0,7.03,9.87,0.18,0.65,0.65,1
FT059,Plus,10,2022,2,2022-03-21,Senegal,Insurance Tech,4.45,0,0,0,312873.25,-39.91,118501.88,37.88,0,0.0,Seed,0.0,39379,140.36,11492280.31,247493,46.43,0,9.43,8.06,0.18,0.65,0.65,2
FT059,Plus,11,2022,3,2022-06-19,Senegal,Insurance Tech,4.7,0,0,0,354032.97,-34.4,99181.93,28.01,0,0.0,Seed,0.0,42987,162.39,12545323.64,174437,71.92,0,11.95,15.67,0.18,0.65,0.65,3
FT059,Plus,12,2022,4,2022-09-17,Senegal,Insurance Tech,4.95,0,0,0,149126.06,-24.3,40051.9,26.86,0,0.0,Seed,0.0,49610,202.81,14478300.37,128303,112.84,0,3.01,14.49,0.18,0.65,0.65,0
FT059,Plus,13,2022,1,2022-12-16,Senegal,Insurance Tech,5.2,0,0,0,462407.25,-11.26,141476.56,30.6,0,0.0,Seed,0.0,58152,254.95,16971129.7,234257,72.45,0,5.74,5.75,0.18,0.65,0.65,1
FT059,Plus,14,2023,2,2023-03-16,Senegal,Insurance Tech,5.45,0,0,0,257797.9,-14.6,45921.96,17.81,0,0.0,Seed,0.0,55966,241.61,16333004.28,249356,65.5,0,5.1,11.87,0.18,0.65,0.65,2
FT059,Plus,15,2023,3,2023-06-14,Senegal,Insurance Tech,5.7,0,0,0,245598.58,-16.07,74399.64,30.29,0,0.0,Seed,0.0,55001,235.72,16051462.01,180810,88.78,0,2.64,13.09,0.18,0.65,0.65,3
FT059,Plus,16,2023,4,2023-09-12,Senegal,Insurance Tech,5.95,0,0,0,314257.67,17.88,116870.12,37.19,0,0.0,Seed,0.0,77252,371.54,22545091.56,253573,88.91,0,3.55,10.2,0.18,0.65,0.65,0
FT060,PayPlus,1,2020,1,2020-01-01,Rwanda,Insurance Tech,7.5,0,0,0,45332.51,0.0,12575.14,27.74,0,0.0,Seed,0.0,16040,-4.58,2271221.95,39058,58.15,0,1.91,8.8,0.15,0.75,0.7,1
FT060,PayPlus,2,2020,2,2020-03-31,Rwanda,Insurance Tech,7.75,0,0,0,68400.12,-75.18,25532.64,37.33,0,0.0,Seed,0.0,16690,-0.71,2363236.37,114566,20.63,0,2.3,9.65,0.15,0.75,0.7,2
FT060,PayPlus,3,2020,3,2020-06-29,Rwanda,Insurance Tech,8.0,0,0,0,36244.29,-70.43,12196.94,33.65,0,0.0,Seed,0.0,19879,18.26,2814721.24,93075,30.24,0,2.02,9.79,0.15,0.75,0.7,3
FT060,PayPlus,4,2020,4,2020-09-27,Rwanda,Insurance Tech,8.25,0,0,0,48787.58,-68.59,21370.04,43.8,0,0.0,Seed,0.0,21122,25.66,2990704.66,116443,25.68,0,2.14,13.54,0.15,0.75,0.7,0
FT060,PayPlus,5,2020,1,2020-12-26,Rwanda,Insurance Tech,8.5,0,0,0,104096.8,-49.82,30301.04,29.11,0,0.0,Seed,0.0,33740,100.72,4777402.22,288643,16.55,0,4.1,9.62,0.15,0.75,0.7,1
FT060,PayPlus,6,2021,2,2021-03-26,Rwanda,Insurance Tech,8.75,0,0,0,59997.48,-58.68,15017.72,25.03,0,0.0,Seed,0.0,27781,65.27,3933571.87,95108,41.36,0,1.23,14.31,0.15,0.75,0.7,2
FT060,PayPlus,7,2021,3,2021-06-24,Rwanda,Insurance Tech,9.0,0,0,0,63668.58,-63.91,9749.63,15.31,0,0.0,Seed,0.0,24264,44.35,3435632.33,130692,26.29,0,3.13,16.17,0.15,0.75,0.7,3
FT060,PayPlus,8,2021,4,2021-09-22,Rwanda,Insurance Tech,9.25,0,0,0,77869.59,-49.71,23769.97,30.53,0,0.0,Seed,0.0,33812,101.15,4787550.9,168191,28.46,0,3.15,14.32,0.15,0.75,0.7,0
FT060,PayPlus,9,2021,1,2021-12-21,Rwanda,Insurance Tech,9.5,0,0,0,70767.28,-52.6,22370.64,31.61,0,0.0,Seed,0.0,31870,89.6,4512620.12,144989,31.12,0,2.12,10.36,0.15,0.75,0.7,1
FT060,PayPlus,10,2022,2,2022-03-21,Rwanda,Insurance Tech,9.75,0,0,0,87097.53,-48.67,40590.79,46.6,0,0.0,Seed,0.0,34515,105.33,4887121.89,272408,17.94,0,2.77,10.74,0.15,0.75,0.7,2
FT060,PayPlus,11,2022,3,2022-06-19,Rwanda,Insurance Tech,10.0,0,0,0,93641.89,-51.05,42075.39,44.93,0,0.0,Seed,0.0,32911,95.79,4660008.55,151040,30.85,0,1.71,12.97,0.15,0.75,0.7,3
FT060,PayPlus,12,2022,4,2022-09-17,Rwanda,Insurance Tech,10.25,0,0,0,88822.35,-37.92,24312.32,27.37,0,0.0,Seed,0.0,41741,148.32,5910220.27,132690,44.54,0,1.55,9.68,0.15,0.75,0.7,0
FT060,PayPlus,13,2022,1,2022-12-16,Rwanda,Insurance Tech,10.5,0,0,0,165354.29,-25.86,35657.1,21.56,0,0.0,Seed,0.0,49849,196.56,7058170.06,116119,60.78,0,4.33,15.11,0.15,0.75,0.7,1
FT060,PayPlus,14,2023,2,2023-03-16,Rwanda,Insurance Tech,10.75,0,0,0,106576.85,-37.71,44232.1,41.5,0,0.0,Seed,0.0,41884,149.17,5930429.78,115729,51.24,0,2.69,10.66,0.15,0.75,0.7,2
FT060,PayPlus,15,2023,3,2023-06-14,Rwanda,Insurance Tech,11.0,0,0,0,170956.03,-33.88,52390.63,30.65,0,0.0,Seed,0.0,44458,164.48,6294918.43,114374,55.04,0,3.74,11.64,0.15,0.75,0.7,3
FT060,PayPlus,16,2023,4,2023-09-12,Rwanda,Insurance Tech,11.25,0,0,0,106400.0,-4.93,19918.23,18.72,0,0.0,Seed,0.0,63924,280.29,9051114.93,408693,22.15,0,1.07,14.23,0.15,0.75,0.7,0
FT061,WalletDigital,1,2020,1,2020-01-01,Uganda,Digital Lending,4.1,0,0,0,100388.31,0.0,29677.2,29.56,0,0.0,Series B,0.0,22191,19.2,5139576.3,67354,76.31,0,6.75,13.73,0.2,0.6,0.55,1
FT061,WalletDigital,2,2020,2,2020-03-31,Uganda,Digital Lending,4.35,0,0,0,81818.92,-74.07,27681.47,33.83,0,0.0,Series B,0.0,19308,3.71,4471724.09,136085,32.86,0,2.98,10.44,0.2,0.6,0.55,2
FT061,WalletDigital,3,2020,3,2020-06-29,Uganda,Digital Lending,4.6,0,0,0,113594.58,-72.77,35363.71,31.13,0,0.0,Series B,0.0,20279,8.93,4696652.44,108187,43.41,0,4.72,6.76,0.2,0.6,0.55,3
FT061,WalletDigital,4,2020,4,2020-09-27,Uganda,Digital Lending,4.85,0,0,0,81095.21,-62.51,25125.26,30.98,0,0.0,Series B,0.0,27915,49.95,6465041.69,222114,29.11,0,3.34,9.59,0.2,0.6,0.55,0
FT061,WalletDigital,5,2020,1,2020-12-26,Uganda,Digital Lending,5.1,0,0,0,87226.59,-72.23,22121.5,25.36,0,0.0,Series B,0.0,20678,11.07,4788983.89,92308,51.88,0,2.29,11.61,0.2,0.6,0.55,1
FT061,WalletDigital,6,2021,2,2021-03-26,Uganda,Digital Lending,5.35,0,0,0,109653.72,-77.62,41171.5,37.55,0,0.0,Series B,0.0,16669,-10.46,3860510.95,91768,42.07,0,4.88,15.93,0.2,0.6,0.55,2
FT061,WalletDigital,7,2021,3,2021-06-24,Uganda,Digital Lending,5.6,0,0,0,29822.82,-84.13,6618.22,22.19,0,7053300.18,Series A,7053300.18,11816,-36.53,2736636.23,49281,55.53,0,2.48,7.23,0.2,0.6,0.55,3
FT061,WalletDigital,8,2021,4,2021-09-22,Uganda,Digital Lending,5.85,1,1,1,177.42,-99.91,46.26,26.07,0,0.0,Series B,0.0,1000,-94.63,15714.76,3285,4.78,0,0.23,48.47,0.2,0.6,0.55,0
FT061,WalletDigital,9,2021,1,2021-12-21,Uganda,Digital Lending,6.1,1,1,1,244.96,-99.94,60.39,24.65,0,0.0,Series B,0.0,1000,-94.63,10658.79,5932,1.8,0,0.29,57.74,0.2,0.6,0.55,1
FT061,WalletDigital,10,2022,2,2022-03-21,Uganda,Digital Lending,6.35,1,1,0,142.55,-99.95,54.52,38.24,0,0.0,Series B,0.0,1000,-94.63,8556.47,2569,3.33,0,0.13,39.59,0.2,0.6,0.55,2
FT061,WalletDigital,11,2022,3,2022-06-19,Uganda,Digital Lending,6.6,1,1,1,82.98,-99.97,35.32,42.56,0,0.0,Series B,0.0,1000,-94.63,5116.22,5569,0.92,0,0.12,30.29,0.2,0.6,0.55,3
FT061,WalletDigital,12,2022,4,2022-09-17,Uganda,Digital Lending,6.85,1,1,0,84.5,-99.98,25.04,29.63,0,0.0,Series B,0.0,1000,-94.63,3916.94,3932,1.0,0,0.12,52.66,0.2,0.6,0.55,0
FT061,WalletDigital,13,2022,1,2022-12-16,Uganda,Digital Lending,7.1,1,1,0,66.58,-99.98,10.4,15.63,0,0.0,Series B,0.0,1000,-94.63,3159.38,6349,0.5,0,0.09,32.51,0.2,0.6,0.55,1
FT061,WalletDigital,14,2023,2,2023-03-16,Uganda,Digital Lending,7.35,1,1,1,52.89,-99.99,15.71,29.71,0,0.0,Series B,0.0,1000,-94.63,1989.7,5084,0.39,0,0.03,54.84,0.2,0.6,0.55,2
FT061,WalletDigital,15,2023,3,2023-06-14,Uganda,Digital Lending,7.6,1,1,0,16.02,-99.99,3.61,22.52,0,0.0,Series B,0.0,1000,-94.63,1284.6,2686,0.48,0,0.01,48.28,0.2,0.6,0.55,3
FT061,WalletDigital,16,2023,4,2023-09-12,Uganda,Digital Lending,7.85,1,1,0,27.88,-99.99,10.02,35.95,0,0.0,Series B,0.0,1000,-94.63,1000.21,2528,0.4,0,0.02,57.88,0.2,0.6,0.55,0
FT062,ConnectTech,1,2020,1,2020-01-01,Kenya,Payment Gateway,1.3,0,0,0,285759.48,0.0,91213.14,31.92,0,0.0,Series B,0.0,70390,1.05,28274866.63,537710,52.58,0,4.65,14.19,0.4,0.8,0.7,1
FT062,ConnectTech,2,2020,2,2020-03-31,Kenya,Payment Gateway,1.55,0,0,0,962871.9,-68.21,330438.58,34.32,0,0.0,Series B,0.0,88572,27.15,35578300.63,500889,71.03,0,5.56,11.1,0.4,0.8,0.7,2
FT062,ConnectTech,3,2020,3,2020-06-29,Kenya,Payment Gateway,1.8,0,0,0,783500.78,-67.33,363043.58,46.34,0,0.0,Series B,0.0,91032,30.68,36566408.56,525792,69.55,0,6.67,6.09,0.4,0.8,0.7,3
FT062,ConnectTech,4,2020,4,2020-09-27,Kenya,Payment Gateway,2.05,0,0,0,1004054.73,-57.46,291340.6,29.02,0,0.0,Series B,0.0,118540,70.17,47616105.94,542630,87.75,0,7.05,13.18,0.4,0.8,0.7,0
FT062,ConnectTech,5,2020,1,2020-12-26,Kenya,Payment Gateway,2.3,0,0,0,565955.65,-50.56,161574.8,28.55,0,0.0,Series B,0.0,137757,97.76,55335069.28,806239,68.63,0,5.41,11.42,0.4,0.8,0.7,1
FT062,ConnectTech,6,2021,2,2021-03-26,Kenya,Payment Gateway,2.55,0,0,0,784305.37,-50.21,264004.59,33.66,0,0.0,Series B,0.0,138730,99.16,55725876.1,487371,114.34,0,5.74,6.99,0.4,0.8,0.7,2
FT062,ConnectTech,7,2021,3,2021-06-24,Kenya,Payment Gateway,2.8,0,0,0,1284730.39,-49.21,477473.92,37.17,0,0.0,Series B,0.0,141515,103.15,56844738.15,587946,96.68,0,9.06,11.34,0.4,0.8,0.7,3
FT062,ConnectTech,8,2021,4,2021-09-22,Kenya,Payment Gateway,3.05,0,0,0,1041615.52,-46.33,492439.5,47.28,0,0.0,Series B,0.0,149552,114.69,60073021.13,556327,107.98,0,4.0,6.34,0.4,0.8,0.7,0
FT062,ConnectTech,9,2021,1,2021-12-21,Kenya,Payment Gateway,3.3,0,0,0,1224531.98,-44.46,410655.27,33.54,0,0.0,Series B,0.0,154746,122.15,62159470.51,1230571,50.51,0,8.42,6.45,0.4,0.8,0.7,1
FT062,ConnectTech,10,2022,2,2022-03-21,Kenya,Payment Gateway,3.55,0,0,0,1428684.97,-31.04,411906.88,28.83,0,0.0,Series B,0.0,192139,175.83,77179833.23,1533642,50.32,0,9.91,10.02,0.4,0.8,0.7,2
FT062,ConnectTech,11,2022,3,2022-06-19,Kenya,Payment Gateway,3.8,0,0,0,1633478.16,-40.95,700107.83,42.86,0,0.0,Series B,0.0,164542,136.21,66094293.9,1047975,63.07,0,14.65,7.95,0.4,0.8,0.7,3
FT062,ConnectTech,12,2022,4,2022-09-17,Kenya,Payment Gateway,4.05,0,0,0,934590.74,-21.23,286256.26,30.63,0,0.0,Series B,0.0,219489,215.09,88165572.84,1039667,84.8,0,4.33,13.85,0.4,0.8,0.7,0
FT062,ConnectTech,13,2022,1,2022-12-16,Kenya,Payment Gateway,4.3,0,0,0,2094336.77,-13.01,289133.95,13.81,0,0.0,Series B,0.0,242381,247.95,97361244.54,1037161,93.87,0,6.22,7.36,0.4,0.8,0.7,1
FT062,ConnectTech,14,2023,2,2023-03-16,Kenya,Payment Gateway,4.55,0,0,0,2800571.27,-7.51,746285.84,26.65,0,0.0,Series B,0.0,257715,269.97,103520416.4,1941880,53.31,0,10.48,7.91,0.4,0.8,0.7,2
FT062,ConnectTech,15,2023,3,2023-06-14,Kenya,Payment Gateway,4.8,0,0,0,2677989.37,-13.72,709909.18,26.51,0,0.0,Series B,0.0,240405,245.12,96567483.99,603843,159.92,0,9.69,13.03,0.4,0.8,0.7,3
FT062,ConnectTech,16,2023,4,2023-09-12,Kenya,Payment Gateway,5.05,0,0,0,3134015.07,10.83,985888.39,31.46,0,0.0,Series B,0.0,308804,343.31,124042262.94,2070568,59.91,0,9.84,8.72,0.4,0.8,0.7,0
FT063,SmartDigital,1,2020,1,2020-01-01,Nigeria,Investment Platform,1.0,0,0,0,510094.22,0.0,148423.98,29.1,0,0.0,Seed,0.0,177268,15.53,35136195.2,1536458,22.87,0,2.84,13.92,1.0,0.7,0.6,1
FT063,SmartDigital,2,2020,2,2020-03-31,Nigeria,Investment Platform,1.25,0,0,0,875385.62,-73.78,372006.29,42.5,0,0.0,Seed,0.0,160937,4.89,31899342.38,817450,39.02,0,4.78,12.46,1.0,0.7,0.6,2
FT063,SmartDigital,3,2020,3,2020-06-29,Nigeria,Investment Platform,1.5,0,0,0,411781.05,-73.36,169982.86,41.28,0,0.0,Seed,0.0,163475,6.54,32402331.8,926459,34.97,0,1.82,14.09,1.0,0.7,0.6,3
FT063,SmartDigital,4,2020,4,2020-09-27,Nigeria,Investment Platform,1.75,0,0,0,945549.41,-62.19,283463.85,29.98,0,0.0,Seed,0.0,232077,51.25,45999950.41,1777661,25.88,0,3.98,12.77,1.0,0.7,0.6,0
FT063,SmartDigital,5,2020,1,2020-12-26,Nigeria,Investment Platform,2.0,0,0,0,1067899.56,-50.85,239733.08,22.45,0,0.0,Seed,0.0,301681,96.61,59796105.45,2445860,24.45,0,4.28,16.79,1.0,0.7,0.6,1
FT063,SmartDigital,6,2021,2,2021-03-26,Nigeria,Investment Platform,2.25,0,0,0,1160332.6,-61.73,396979.32,34.21,0,0.0,Seed,0.0,234890,53.08,46557409.3,814527,57.16,0,5.2,13.44,1.0,0.7,0.6,2
FT063,SmartDigital,7,2021,3,2021-06-24,Nigeria,Investment Platform,2.5,0,0,0,838268.92,-61.93,224653.89,26.8,0,0.0,Seed,0.0,233681,52.3,46317764.72,1199651,38.61,0,4.43,10.55,1.0,0.7,0.6,3
FT063,SmartDigital,8,2021,4,2021-09-22,Nigeria,Investment Platform,2.75,0,0,0,823256.53,-62.7,254653.54,30.93,0,0.0,Seed,0.0,228926,49.2,45375271.83,945645,47.98,0,3.59,7.35,1.0,0.7,0.6,0
FT063,SmartDigital,9,2021,1,2021-12-21,Nigeria,Investment Platform,3.0,0,0,0,1689177.16,-51.54,417415.92,24.71,0,0.0,Seed,0.0,297428,93.84,58953066.4,901949,65.36,0,8.0,13.17,1.0,0.7,0.6,1
FT063,SmartDigital,10,2022,2,2022-03-21,Nigeria,Investment Platform,3.25,0,0,0,1153400.82,-45.42,165980.57,14.39,0,0.0,Seed,0.0,334985,118.32,66397113.48,2215932,29.96,0,2.31,8.92,1.0,0.7,0.6,2
FT063,SmartDigital,11,2022,3,2022-06-19,Nigeria,Investment Platform,3.5,0,0,0,619824.33,-52.1,266522.62,43.0,0,0.0,Seed,0.0,293966,91.59,58266784.37,1887027,30.88,0,1.54,15.02,1.0,0.7,0.6,3
FT063,SmartDigital,12,2022,4,2022-09-17,Nigeria,Investment Platform,3.75,0,0,0,713207.54,-42.04,237183.2,33.26,0,0.0,Seed,0.0,355720,131.83,70507009.48,1913332,36.85,0,2.36,13.91,1.0,0.7,0.6,0
FT063,SmartDigital,13,2022,1,2022-12-16,Nigeria,Investment Platform,4.0,0,0,0,2950035.72,-16.61,461273.21,15.64,0,9371658.56,Series C,9371658.56,511838,233.58,101451045.88,1126222,90.08,0,7.55,15.48,1.0,0.7,0.6,1
FT063,SmartDigital,14,2023,2,2023-03-16,Nigeria,Investment Platform,4.25,0,0,0,2463709.75,-18.26,424514.91,17.23,0,0.0,Seed,0.0,501698,226.97,99441130.46,1284208,77.43,0,7.1,10.91,1.0,0.7,0.6,2
FT063,SmartDigital,15,2023,3,2023-06-14,Nigeria,Investment Platform,4.5,0,0,0,960052.32,-31.5,251903.88,26.24,0,0.0,Seed,0.0,420392,173.98,83325618.13,2874375,28.99,0,2.47,16.31,1.0,0.7,0.6,3
FT063,SmartDigital,16,2023,4,2023-09-12,Nigeria,Investment Platform,4.75,0,0,0,1494411.68,8.84,619932.9,41.48,0,0.0,Seed,0.0,668023,335.37,132408361.67,5111677,25.9,0,2.32,16.33,1.0,0.7,0.6,0
FT064,Express,1,2020,1,2020-01-01,Nigeria,Insurance Tech,4.2,0,0,0,338731.87,0.0,45605.54,13.46,0,0.0,Series A,0.0,205816,20.47,22099540.1,1175616,18.8,0,2.29,10.58,1.0,0.7,0.6,1
FT064,Express,2,2020,2,2020-03-31,Nigeria,Insurance Tech,4.45,0,0,0,379616.79,-73.5,110049.59,28.99,0,0.0,Series A,0.0,181129,6.02,19448733.02,1163011,16.72,0,2.59,10.38,1.0,0.7,0.6,2
FT064,Express,3,2020,3,2020-06-29,Nigeria,Insurance Tech,4.7,0,0,0,587670.33,-66.5,128985.23,21.95,0,0.0,Series A,0.0,228905,33.98,24578670.07,825790,29.76,0,3.63,11.84,1.0,0.7,0.6,3
FT064,Express,4,2020,4,2020-09-27,Nigeria,Insurance Tech,4.95,0,0,0,341966.25,-66.68,147046.2,43.0,0,0.0,Series A,0.0,227686,33.27,24447785.6,1070486,22.84,0,1.12,9.62,1.0,0.7,0.6,0
FT064,Express,5,2020,1,2020-12-26,Nigeria,Insurance Tech,5.2,0,0,0,360741.69,-63.26,115108.01,31.91,0,0.0,Series A,0.0,251073,46.96,26958935.56,953699,28.27,0,1.45,14.21,1.0,0.7,0.6,1
FT064,Express,6,2021,2,2021-03-26,Nigeria,Insurance Tech,5.45,0,0,0,827684.64,-56.97,357362.42,43.18,0,0.0,Series A,0.0,294050,72.11,31573647.23,1705402,18.51,0,1.82,9.44,1.0,0.7,0.6,2
FT064,Express,7,2021,3,2021-06-24,Nigeria,Insurance Tech,5.7,0,0,0,495092.54,-61.71,143018.81,28.89,0,0.0,Series A,0.0,261654,53.15,28095122.85,1408746,19.94,0,1.97,6.27,1.0,0.7,0.6,3
FT064,Express,8,2021,4,2021-09-22,Nigeria,Insurance Tech,5.95,0,0,0,485536.11,-63.96,81140.42,16.71,0,0.0,Series A,0.0,246297,44.16,26446199.24,610504,43.32,0,2.65,14.75,1.0,0.7,0.6,0
FT064,Express,9,2021,1,2021-12-21,Nigeria,Insurance Tech,6.2,0,0,0,626646.79,-40.82,180365.85,28.78,0,0.0,Series A,0.0,404439,136.73,43426602.64,1968455,22.06,0,1.65,17.34,1.0,0.7,0.6,1
FT064,Express,10,2022,2,2022-03-21,Nigeria,Insurance Tech,6.45,0,0,0,1087753.73,-46.12,164284.55,15.1,0,0.0,Series A,0.0,368187,115.51,39534064.83,2729544,14.48,0,2.26,11.91,1.0,0.7,0.6,2
FT064,Express,11,2022,3,2022-06-19,Nigeria,Insurance Tech,6.7,0,0,0,470692.17,-49.8,142695.99,30.32,0,0.0,Series A,0.0,343028,100.78,36832684.69,2003073,18.39,0,1.17,9.15,1.0,0.7,0.6,3
FT064,Express,12,2022,4,2022-09-17,Nigeria,Insurance Tech,6.95,0,0,0,1190315.87,-32.88,375399.32,31.54,0,0.0,Series A,0.0,458718,168.5,49254828.33,1880363,26.19,0,3.39,10.41,1.0,0.7,0.6,0
FT064,Express,13,2022,1,2022-12-16,Nigeria,Insurance Tech,7.2,0,0,0,1628186.32,-19.88,473818.7,29.1,0,0.0,Series A,0.0,547549,220.49,58793086.23,1962285,29.96,0,4.29,15.02,1.0,0.7,0.6,1
FT064,Express,14,2023,2,2023-03-16,Nigeria,Insurance Tech,7.45,0,0,0,925022.43,-24.76,184014.36,19.89,0,0.0,Series A,0.0,514192,200.97,55211324.82,1670171,33.06,0,1.69,14.56,1.0,0.7,0.6,2
FT064,Express,15,2023,3,2023-06-14,Nigeria,Insurance Tech,7.7,0,0,0,1265412.68,-41.58,437435.3,34.57,0,0.0,Series A,0.0,399217,133.67,42865878.7,2082497,20.58,0,3.3,16.08,1.0,0.7,0.6,3
FT064,Express,16,2023,4,2023-09-12,Nigeria,Insurance Tech,7.95,0,0,0,623192.44,-23.94,93376.2,14.98,0,0.0,Series A,0.0,519785,204.24,55811890.11,3415224,16.34,0,1.38,16.23,1.0,0.7,0.6,0
FT065,FlashDigital,1,2020,1,2020-01-01,Ghana,Remittance,4.7,0,0,0,57469.83,0.0,17262.35,30.04,0,0.0,Series B,0.0,10803,14.85,2230765.8,29345,76.02,0,6.31,12.52,0.3,0.65,0.6,1
FT065,FlashDigital,2,2020,2,2020-03-31,Ghana,Remittance,4.95,0,0,0,42231.69,-70.43,17071.34,40.42,0,0.0,Series B,0.0,11124,18.27,2297074.86,77662,29.58,0,3.92,16.03,0.3,0.65,0.6,2
FT065,FlashDigital,3,2020,3,2020-06-29,Ghana,Remittance,5.2,0,0,0,30829.36,-71.32,9719.27,31.53,0,0.0,Series B,0.0,10791,14.73,2228284.48,64921,34.32,0,2.13,14.67,0.3,0.65,0.6,3
FT065,FlashDigital,4,2020,4,2020-09-27,Ghana,Remittance,5.45,0,0,0,79899.28,-62.64,34998.26,43.8,0,0.0,Series B,0.0,14057,49.45,2902654.44,62647,46.33,0,6.13,10.75,0.3,0.65,0.6,0
FT065,FlashDigital,5,2020,1,2020-12-26,Ghana,Remittance,5.7,0,0,0,50935.82,-57.2,15165.79,29.77,0,0.0,Series B,0.0,16102,71.19,3324905.01,132397,25.11,0,4.74,9.03,0.3,0.65,0.6,1
FT065,FlashDigital,6,2021,2,2021-03-26,Ghana,Remittance,5.95,0,0,0,51930.19,-61.93,25784.78,49.65,0,0.0,Series B,0.0,14321,52.26,2957195.36,91108,32.46,0,3.58,6.42,0.3,0.65,0.6,2
FT065,FlashDigital,7,2021,3,2021-06-24,Ghana,Remittance,6.2,0,0,0,40084.93,-67.79,15438.24,38.51,0,0.0,Series B,0.0,12119,28.85,2502432.93,58455,42.81,0,3.42,8.58,0.3,0.65,0.6,3
FT065,FlashDigital,8,2021,4,2021-09-22,Ghana,Remittance,6.45,0,0,0,48699.1,-52.32,10471.16,21.5,0,0.0,Series B,0.0,17938,90.71,3704038.06,90594,40.89,0,2.63,7.01,0.3,0.65,0.6,0
FT065,FlashDigital,9,2021,1,2021-12-21,Ghana,Remittance,6.7,0,0,0,68314.98,-56.79,14025.92,20.53,0,0.0,Series B,0.0,16258,72.85,3357130.25,92383,36.34,0,3.79,17.79,0.3,0.65,0.6,1
FT065,FlashDigital,10,2022,2,2022-03-21,Ghana,Remittance,6.95,0,0,0,64311.44,-47.3,15735.65,24.47,0,0.0,Series B,0.0,19828,110.81,4094156.55,132116,30.99,0,4.29,8.46,0.3,0.65,0.6,2
FT065,FlashDigital,11,2022,3,2022-06-19,Ghana,Remittance,7.2,0,0,0,52829.56,-57.3,16320.17,30.89,0,7294750.11,Series B,7294750.11,16064,70.79,3316989.18,54721,60.62,0,2.21,7.42,0.3,0.65,0.6,3
FT065,FlashDigital,12,2022,4,2022-09-17,Ghana,Remittance,7.45,0,0,0,85657.98,-37.34,33912.4,39.59,0,0.0,Series B,0.0,23573,150.62,4867480.73,80739,60.29,0,4.42,10.11,0.3,0.65,0.6,0
FT065,FlashDigital,13,2022,1,2022-12-16,Ghana,Remittance,7.7,0,0,0,63623.11,-36.65,18471.52,29.03,0,0.0,Series B,0.0,23835,153.41,4921547.46,150952,32.6,0,2.35,16.83,0.3,0.65,0.6,1
FT065,FlashDigital,14,2023,2,2023-03-16,Ghana,Remittance,7.95,0,0,0,69051.65,-47.2,24811.88,35.93,0,0.0,Series B,0.0,19865,111.2,4101857.71,118770,34.54,0,3.43,16.12,0.3,0.65,0.6,2
FT065,FlashDigital,15,2023,3,2023-06-14,Ghana,Remittance,8.2,0,0,0,94454.28,-37.0,17494.94,18.52,0,0.0,Series B,0.0,23700,151.97,4893824.82,88750,55.14,0,5.65,16.15,0.3,0.65,0.6,3
FT065,FlashDigital,16,2023,4,2023-09-12,Ghana,Remittance,8.45,0,0,0,174640.29,-18.56,73841.65,42.28,0,0.0,Series B,0.0,30638,225.73,6326392.7,241217,26.23,0,4.51,13.68,0.3,0.65,0.6,0
FT066,ExpressTech,1,2020,1,2020-01-01,South Africa,Remittance,4.1,0,0,0,1199706.07,0.0,401601.65,33.48,0,0.0,Series A,0.0,155494,19.38,70697537.7,386623,182.86,0,7.68,10.65,0.8,0.9,0.75,1
FT066,ExpressTech,2,2020,2,2020-03-31,South Africa,Remittance,4.35,0,0,0,766496.48,-77.36,191213.03,24.95,0,0.0,Series A,0.0,117935,-9.46,53621016.64,912359,58.77,0,9.29,10.08,0.8,0.9,0.75,2
FT066,ExpressTech,3,2020,3,2020-06-29,South Africa,Remittance,4.6,0,0,0,973829.86,-73.92,349636.02,35.9,0,0.0,Series A,0.0,135869,4.31,61774617.46,691382,89.35,0,4.13,13.76,0.8,0.9,0.75,3
FT066,ExpressTech,4,2020,4,2020-09-27,South Africa,Remittance,4.85,0,0,0,1113220.99,-65.9,291717.83,26.2,0,0.0,Series A,0.0,177677,36.41,80783241.69,1020333,79.17,0,5.61,9.44,0.8,0.9,0.75,0
FT066,ExpressTech,5,2020,1,2020-12-26,South Africa,Remittance,5.1,0,0,0,1182690.43,-56.57,271661.84,22.97,0,0.0,Series A,0.0,226295,73.73,102888113.3,1501131,68.54,0,7.78,16.64,0.8,0.9,0.75,1
FT066,ExpressTech,6,2021,2,2021-03-26,South Africa,Remittance,5.35,0,0,0,2778336.09,-59.09,718009.98,25.84,0,0.0,Series A,0.0,213154,63.64,96913292.49,526415,184.1,0,12.26,13.02,0.8,0.9,0.75,2
FT066,ExpressTech,7,2021,3,2021-06-24,South Africa,Remittance,5.6,0,0,0,1380282.88,-65.64,468413.7,33.94,0,0.0,Series A,0.0,179006,37.43,81387611.23,656616,123.95,0,4.98,6.12,0.8,0.9,0.75,3
FT066,ExpressTech,8,2021,4,2021-09-22,South Africa,Remittance,5.85,0,0,0,3376241.73,-51.0,971047.83,28.76,0,0.0,Series A,0.0,255279,95.98,116066110.36,1230826,94.3,0,15.04,13.15,0.8,0.9,0.75,0
FT066,ExpressTech,9,2021,1,2021-12-21,South Africa,Remittance,6.1,0,0,0,4238181.52,-32.88,1472367.36,34.74,0,0.0,Series A,0.0,349705,168.47,158997901.83,2123763,74.87,0,10.65,9.65,0.8,0.9,0.75,1
FT066,ExpressTech,10,2022,2,2022-03-21,South Africa,Remittance,6.35,0,0,0,3667057.53,-44.36,864766.17,23.58,0,0.0,Series A,0.0,289916,122.57,131814152.37,1659767,79.42,0,7.62,6.45,0.8,0.9,0.75,2
FT066,ExpressTech,11,2022,3,2022-06-19,South Africa,Remittance,6.6,0,0,0,3070813.77,-46.78,1047960.97,34.13,0,0.0,Series A,0.0,277274,112.87,126066196.96,1004032,125.56,0,8.57,12.03,0.8,0.9,0.75,3
FT066,ExpressTech,12,2022,4,2022-09-17,South Africa,Remittance,6.85,0,0,0,1847941.87,-38.47,277933.49,15.04,0,0.0,Series A,0.0,320567,146.1,145750253.22,919094,158.58,0,5.23,9.82,0.8,0.9,0.75,0
FT066,ExpressTech,13,2022,1,2022-12-16,South Africa,Remittance,7.1,0,0,0,4563610.15,-22.26,1679579.92,36.8,0,0.0,Series A,0.0,405061,210.97,184166238.07,1232928,149.37,0,11.24,9.68,0.8,0.9,0.75,1
FT066,ExpressTech,14,2023,2,2023-03-16,South Africa,Remittance,7.35,0,0,0,3717312.66,-12.68,1270078.79,34.17,0,0.0,Series A,0.0,454978,249.29,206861673.32,1570326,131.73,0,4.44,13.24,0.8,0.9,0.75,2
FT066,ExpressTech,15,2023,3,2023-06-14,South Africa,Remittance,7.6,0,0,0,2639115.85,-21.03,561107.3,21.26,0,0.0,Series A,0.0,411455,215.88,187073637.81,1837125,101.83,0,9.0,6.94,0.8,0.9,0.75,3
FT066,ExpressTech,16,2023,4,2023-09-12,South Africa,Remittance,7.85,0,0,0,6075916.62,-5.72,1061282.14,17.47,0,0.0,Series A,0.0,491218,277.12,223338592.26,3878720,57.58,0,8.54,10.82,0.8,0.9,0.75,0
FT067,SwiftDigital,1,2020,1,2020-01-01,Nigeria,Digital Lending,4.2,0,0,0,129089.91,0.0,40797.89,31.6,0,0.0,Bootstrapped,0.0,26149,10.87,5892602.36,114531,51.45,0,3.25,13.89,1.0,0.7,0.6,1
FT067,SwiftDigital,2,2020,2,2020-03-31,Nigeria,Digital Lending,4.45,0,0,0,165352.55,-66.61,66633.85,40.3,0,0.0,Bootstrapped,0.0,31497,33.54,7097847.26,82974,85.54,0,2.72,10.89,1.0,0.7,0.6,2
FT067,SwiftDigital,3,2020,3,2020-06-29,Nigeria,Digital Lending,4.7,0,0,0,99082.68,-71.64,39463.65,39.83,0,0.0,Bootstrapped,0.0,26756,13.44,6029402.78,120553,50.01,0,4.75,11.97,1.0,0.7,0.6,3
FT067,SwiftDigital,4,2020,4,2020-09-27,Nigeria,Digital Lending,4.95,0,0,0,97355.89,-67.32,39930.99,41.02,0,0.0,Bootstrapped,0.0,30832,30.72,6947874.28,170778,40.68,0,2.29,11.84,1.0,0.7,0.6,0
FT067,SwiftDigital,5,2020,1,2020-12-26,Nigeria,Digital Lending,5.2,0,0,0,209554.62,-56.83,47044.98,22.45,0,0.0,Bootstrapped,0.0,40726,72.67,9177502.01,142164,64.56,0,3.92,6.26,1.0,0.7,0.6,1
FT067,SwiftDigital,6,2021,2,2021-03-26,Nigeria,Digital Lending,5.45,0,0,0,212723.74,-59.8,95010.38,44.66,0,0.0,Bootstrapped,0.0,37923,60.79,8545842.57,145346,58.8,0,7.19,11.1,1.0,0.7,0.6,2
FT067,SwiftDigital,7,2021,3,2021-06-24,Nigeria,Digital Lending,5.7,0,0,0,135035.81,-64.64,26250.39,19.44,0,0.0,Bootstrapped,0.0,33359,41.44,7517446.26,88852,84.61,0,4.08,9.63,1.0,0.7,0.6,3
FT067,SwiftDigital,8,2021,4,2021-09-22,Nigeria,Digital Lending,5.95,0,0,0,119664.37,-46.29,32718.79,27.34,0,0.0,Bootstrapped,0.0,50672,114.84,11418890.86,255887,44.62,0,2.24,9.13,1.0,0.7,0.6,0
FT067,SwiftDigital,9,2021,1,2021-12-21,Nigeria,Digital Lending,6.2,0,0,0,314873.61,-49.53,105041.32,33.36,0,0.0,Bootstrapped,0.0,47617,101.89,10730329.13,367354,29.21,0,6.13,12.22,1.0,0.7,0.6,1
FT067,SwiftDigital,10,2022,2,2022-03-21,Nigeria,Digital Lending,6.45,0,0,0,243904.69,-53.87,56535.99,23.18,0,0.0,Bootstrapped,0.0,43520,84.52,9807165.01,147343,66.56,0,4.01,14.12,1.0,0.7,0.6,2
FT067,SwiftDigital,11,2022,3,2022-06-19,Nigeria,Digital Lending,6.7,0,0,0,106491.16,-50.17,36135.93,33.93,0,0.0,Bootstrapped,0.0,47009,99.31,10593348.91,128432,82.48,0,1.56,15.8,1.0,0.7,0.6,3
FT067,SwiftDigital,12,2022,4,2022-09-17,Nigeria,Digital Lending,6.95,0,0,0,217938.74,-29.44,66272.33,30.41,0,0.0,Bootstrapped,0.0,66567,182.24,15000678.73,236081,63.54,0,2.53,7.78,1.0,0.7,0.6,0
FT067,SwiftDigital,13,2022,1,2022-12-16,Nigeria,Digital Lending,7.2,0,0,0,426063.9,-17.46,138538.01,32.52,0,0.0,Bootstrapped,0.0,77865,230.14,17546678.69,408897,42.91,0,7.23,8.18,1.0,0.7,0.6,1
FT067,SwiftDigital,14,2023,2,2023-03-16,Nigeria,Digital Lending,7.45,0,0,0,212182.52,-20.24,68469.59,32.27,0,0.0,Bootstrapped,0.0,75247,219.04,16956664.31,234544,72.3,0,3.62,14.48,1.0,0.7,0.6,2
FT067,SwiftDigital,15,2023,3,2023-06-14,Nigeria,Digital Lending,7.7,0,0,0,288900.38,-16.3,107056.82,37.06,0,8592935.83,Series C,8592935.83,78964,234.8,17794304.81,149962,118.66,0,4.33,8.89,1.0,0.7,0.6,3
FT067,SwiftDigital,16,2023,4,2023-09-12,Nigeria,Digital Lending,7.95,0,0,0,518775.35,-5.6,223817.15,43.14,0,0.0,Bootstrapped,0.0,89060,277.6,20069351.78,545739,36.77,0,4.92,7.05,1.0,0.7,0.6,0
FT068,FlashCash,1,2020,1,2020-01-01,Ghana,Insurance Tech,1.9,0,0,0,402548.55,0.0,139046.39,34.54,0,0.0,Series A,0.0,34090,9.84,13493189.86,129607,104.11,0,7.64,17.47,0.3,0.65,0.6,1
FT068,FlashCash,2,2020,2,2020-03-31,Ghana,Insurance Tech,2.15,0,0,0,359819.91,-73.56,118840.49,33.03,0,0.0,Series A,0.0,32828,5.77,12993904.01,252278,51.51,0,16.29,8.08,0.3,0.65,0.6,2
FT068,FlashCash,3,2020,3,2020-06-29,Ghana,Insurance Tech,2.4,0,0,0,236214.8,-73.91,58643.36,24.83,0,0.0,Series A,0.0,32385,4.35,12818575.72,89006,144.02,0,10.91,10.68,0.3,0.65,0.6,3
FT068,FlashCash,4,2020,4,2020-09-27,Ghana,Insurance Tech,2.65,0,0,0,319492.73,-62.43,90197.5,28.23,0,0.0,Series A,0.0,46644,50.29,18462575.63,265516,69.53,0,7.14,15.07,0.3,0.65,0.6,0
FT068,FlashCash,5,2020,1,2020-12-26,Ghana,Insurance Tech,2.9,0,0,0,381988.46,-61.8,169640.5,44.41,0,0.0,Series A,0.0,47428,52.82,18772752.89,183491,102.31,0,8.64,16.94,0.3,0.65,0.6,1
FT068,FlashCash,6,2021,2,2021-03-26,Ghana,Insurance Tech,3.15,0,0,0,350425.76,-61.02,55000.43,15.7,0,0.0,Series A,0.0,48393,55.93,19154479.54,284167,67.41,0,4.57,13.97,0.3,0.65,0.6,2
FT068,FlashCash,7,2021,3,2021-06-24,Ghana,Insurance Tech,3.4,0,0,0,476945.53,-56.87,93484.0,19.6,0,0.0,Series A,0.0,53544,72.52,21193593.99,309995,68.37,0,11.83,8.93,0.3,0.65,0.6,3
FT068,FlashCash,8,2021,4,2021-09-22,Ghana,Insurance Tech,3.65,0,0,0,666118.09,-53.48,160824.13,24.14,0,0.0,Series A,0.0,57748,86.07,22857554.32,384821,59.4,0,9.97,10.13,0.3,0.65,0.6,0
FT068,FlashCash,9,2021,1,2021-12-21,Ghana,Insurance Tech,3.9,0,0,0,415691.61,-39.44,100960.91,24.29,0,0.0,Series A,0.0,75187,142.26,29759850.97,502114,59.27,0,5.73,15.1,0.3,0.65,0.6,1
FT068,FlashCash,10,2022,2,2022-03-21,Ghana,Insurance Tech,4.15,0,0,0,501688.33,-43.86,144688.94,28.84,0,0.0,Series A,0.0,69692,124.55,27585150.29,415893,66.33,0,4.45,6.12,0.3,0.65,0.6,2
FT068,FlashCash,11,2022,3,2022-06-19,Ghana,Insurance Tech,4.4,0,0,0,635292.15,-50.69,82514.21,12.99,0,0.0,Series A,0.0,61213,97.23,24229012.28,351385,68.95,0,12.56,7.31,0.3,0.65,0.6,3
FT068,FlashCash,12,2022,4,2022-09-17,Ghana,Insurance Tech,4.65,0,0,0,840654.7,-36.54,259131.24,30.82,0,0.0,Series A,0.0,78780,153.84,31182208.97,349850,89.13,0,12.23,17.5,0.3,0.65,0.6,0
FT068,FlashCash,13,2022,1,2022-12-16,Ghana,Insurance Tech,4.9,0,0,0,701491.6,-27.27,261085.84,37.22,0,0.0,Series A,0.0,90295,190.94,35739961.35,712968,50.13,0,5.09,16.03,0.3,0.65,0.6,1
FT068,FlashCash,14,2023,2,2023-03-16,Ghana,Insurance Tech,5.15,0,0,0,929077.54,-34.04,186003.5,20.02,0,4564322.84,Series C,4564322.84,81885,163.84,32410968.66,420037,77.16,0,7.91,16.76,0.3,0.65,0.6,2
FT068,FlashCash,15,2023,3,2023-06-14,Ghana,Insurance Tech,5.4,0,0,0,484089.88,-35.47,163722.68,33.82,0,0.0,Series A,0.0,80108,158.11,31707686.06,367769,86.22,0,3.37,10.36,0.3,0.65,0.6,3
FT068,FlashCash,16,2023,4,2023-09-12,Ghana,Insurance Tech,5.65,0,0,0,776087.96,-25.13,234591.52,30.23,0,0.0,Series A,0.0,92943,199.47,36788158.47,587770,62.59,0,11.99,6.59,0.3,0.65,0.6,0
FT069,WaveConnect,1,2020,1,2020-01-01,Nigeria,Crypto Exchange,11.8,0,0,0,1732889.93,0.0,555865.25,32.08,0,0.0,Series A,0.0,157827,14.41,71192344.9,655473,108.61,0,13.5,6.3,1.0,0.7,0.6,1
FT069,WaveConnect,2,2020,2,2020-03-31,Nigeria,Crypto Exchange,12.05,0,0,0,1857436.57,-68.37,604588.75,32.55,0,4043567.45,Seed,4043567.45,174509,26.51,78717071.98,1100552,71.53,0,6.91,11.11,1.0,0.7,0.6,2
FT069,WaveConnect,3,2020,3,2020-06-29,Nigeria,Crypto Exchange,12.3,0,0,0,726322.23,-70.83,334262.47,46.02,0,0.0,Series A,0.0,160941,16.67,72597249.84,1024024,70.89,0,6.36,6.27,1.0,0.7,0.6,3
FT069,WaveConnect,4,2020,4,2020-09-27,Nigeria,Crypto Exchange,12.55,0,0,0,1845863.76,-61.03,531244.26,28.78,0,0.0,Series A,0.0,215036,55.89,96997984.0,1212471,80.0,0,4.55,9.81,1.0,0.7,0.6,0
FT069,WaveConnect,5,2020,1,2020-12-26,Nigeria,Crypto Exchange,12.8,0,0,0,2588226.76,-53.33,971226.38,37.52,0,0.0,Series A,0.0,257514,86.68,116158705.62,1594683,72.84,0,15.07,14.02,1.0,0.7,0.6,1
FT069,WaveConnect,6,2021,2,2021-03-26,Nigeria,Crypto Exchange,13.05,0,0,0,2763953.62,-58.04,1199285.03,43.39,0,3383346.19,Series A,3383346.19,231534,67.85,104439939.52,1704264,61.28,0,7.27,10.21,1.0,0.7,0.6,2
FT069,WaveConnect,7,2021,3,2021-06-24,Nigeria,Crypto Exchange,13.3,0,0,0,3332552.05,-53.46,1622234.26,48.68,0,0.0,Series A,0.0,256779,86.15,115827381.32,1501071,77.16,0,10.24,7.91,1.0,0.7,0.6,3
FT069,WaveConnect,8,2021,4,2021-09-22,Nigeria,Crypto Exchange,13.55,0,0,0,2091271.04,-45.43,647631.15,30.97,0,0.0,Series A,0.0,301129,118.3,135832797.54,1200096,113.18,0,8.14,9.31,1.0,0.7,0.6,0
FT069,WaveConnect,9,2021,1,2021-12-21,Nigeria,Crypto Exchange,13.8,0,0,0,3657444.51,-40.83,787367.12,21.53,0,0.0,Series A,0.0,326469,136.67,147263063.26,1471242,100.09,0,12.19,11.24,1.0,0.7,0.6,1
FT069,WaveConnect,10,2022,2,2022-03-21,Nigeria,Crypto Exchange,14.05,0,0,0,3143434.71,-39.86,907039.97,28.86,0,0.0,Series A,0.0,331850,140.57,149690362.83,1627922,91.95,0,5.77,13.12,1.0,0.7,0.6,2
FT069,WaveConnect,11,2022,3,2022-06-19,Nigeria,Crypto Exchange,14.3,0,0,0,3043594.5,-37.95,437797.32,14.38,0,0.0,Series A,0.0,342387,148.21,154443104.8,960642,160.77,0,7.59,11.58,1.0,0.7,0.6,3
FT069,WaveConnect,12,2022,4,2022-09-17,Nigeria,Crypto Exchange,14.55,0,0,0,4988996.67,-28.91,1069010.06,21.43,0,0.0,Series A,0.0,392254,184.36,176936906.33,1518810,116.5,0,10.09,5.6,1.0,0.7,0.6,0
FT069,WaveConnect,13,2022,1,2022-12-16,Nigeria,Crypto Exchange,14.8,0,0,0,4363097.03,-9.74,1358361.08,31.13,0,0.0,Series A,0.0,498018,261.03,224644758.79,2164325,103.79,0,12.24,15.19,1.0,0.7,0.6,1
FT069,WaveConnect,14,2023,2,2023-03-16,Nigeria,Crypto Exchange,15.05,0,0,0,3716630.63,4.11,1333116.08,35.87,0,0.0,Series A,0.0,574466,316.45,259128520.27,2518992,102.87,0,7.16,10.25,1.0,0.7,0.6,2
FT069,WaveConnect,15,2023,3,2023-06-14,Nigeria,Crypto Exchange,15.3,0,0,0,7053932.55,2.24,1189513.39,16.86,0,0.0,Series A,0.0,564110,308.94,254457291.46,3328941,76.44,0,12.54,5.4,1.0,0.7,0.6,3
FT069,WaveConnect,16,2023,4,2023-09-12,Nigeria,Crypto Exchange,15.55,0,0,0,4361213.67,18.37,1865711.02,42.78,0,0.0,Series A,0.0,653161,373.5,294626186.51,1333588,220.93,0,3.53,14.8,1.0,0.7,0.6,0
FT070,SwiftMoney,1,2020,1,2020-01-01,Uganda,Remittance,5.8,0,0,0,10922.87,0.0,1392.22,12.75,0,0.0,Series A,0.0,2834,22.55,1080746.54,18808,57.46,0,4.47,9.75,0.2,0.6,0.55,1
FT070,SwiftMoney,2,2020,2,2020-03-31,Uganda,Remittance,6.05,0,0,0,17589.79,-68.49,6464.45,36.75,0,0.0,Series A,0.0,2914,26.01,1111144.24,21452,51.8,0,3.87,8.37,0.2,0.6,0.55,2
FT070,SwiftMoney,3,2020,3,2020-06-29,Uganda,Remittance,6.3,0,0,0,16966.17,-67.14,5910.7,34.84,0,0.0,Series A,0.0,3039,31.42,1158679.38,15634,74.11,0,7.31,11.08,0.2,0.6,0.55,3
FT070,SwiftMoney,4,2020,4,2020-09-27,Uganda,Remittance,6.55,0,0,0,22721.02,-64.59,6806.93,29.96,0,0.0,Series A,0.0,3275,41.62,1248616.97,24309,51.36,0,8.85,11.85,0.2,0.6,0.55,0
FT070,SwiftMoney,5,2020,1,2020-12-26,Uganda,Remittance,6.8,0,0,0,27634.3,-63.83,11727.47,42.44,0,0.0,Series A,0.0,3345,44.65,1275592.01,8192,155.71,0,9.76,14.45,0.2,0.6,0.55,1
FT070,SwiftMoney,6,2021,2,2021-03-26,Uganda,Remittance,7.05,0,0,0,36055.08,-63.33,5453.59,15.13,0,0.0,Series A,0.0,3392,46.68,1293173.18,17032,75.93,0,8.54,17.11,0.2,0.6,0.55,2
FT070,SwiftMoney,7,2021,3,2021-06-24,Uganda,Remittance,7.3,0,0,0,14012.75,-64.32,2614.98,18.66,0,0.0,Series A,0.0,3300,42.7,1258237.05,13819,91.05,0,4.91,11.51,0.2,0.6,0.55,3
FT070,SwiftMoney,8,2021,4,2021-09-22,Uganda,Remittance,7.55,0,0,0,34410.14,-56.14,9408.26,27.34,0,0.0,Series A,0.0,4057,75.44,1546785.46,8894,173.91,0,6.17,8.32,0.2,0.6,0.55,0
FT070,SwiftMoney,9,2021,1,2021-12-21,Uganda,Remittance,7.8,0,0,0,50205.61,-46.39,15343.41,30.56,0,0.0,Series A,0.0,4958,114.4,1890396.49,38624,48.94,0,7.51,7.71,0.2,0.6,0.55,1
FT070,SwiftMoney,10,2022,2,2022-03-21,Uganda,Remittance,8.05,0,0,0,38694.23,-50.91,9138.25,23.62,0,0.0,Series A,0.0,4540,96.33,1731196.75,35559,48.69,0,6.16,8.78,0.2,0.6,0.55,2
FT070,SwiftMoney,11,2022,3,2022-06-19,Uganda,Remittance,8.3,0,0,0,22986.66,-57.28,8090.51,35.2,0,0.0,Series A,0.0,3951,70.86,1506569.53,10688,140.96,0,3.46,7.75,0.2,0.6,0.55,3
FT070,SwiftMoney,12,2022,4,2022-09-17,Uganda,Remittance,8.55,0,0,0,51126.26,-34.85,16887.08,33.03,0,2869069.99,Series C,2869069.99,6026,160.59,2297617.71,15759,145.8,0,11.8,14.06,0.2,0.6,0.55,0
FT070,SwiftMoney,13,2022,1,2022-12-16,Uganda,Remittance,8.8,0,0,0,71497.64,-14.22,18219.93,25.48,0,0.0,Series A,0.0,7934,243.1,3024862.24,48912,61.84,0,8.65,6.23,0.2,0.6,0.55,1
FT070,SwiftMoney,14,2023,2,2023-03-16,Uganda,Remittance,9.05,0,0,0,32790.77,-24.92,8419.0,25.67,0,0.0,Series A,0.0,6945,200.33,2647711.37,14492,182.7,0,2.51,11.19,0.2,0.6,0.55,2
FT070,SwiftMoney,15,2023,3,2023-06-14,Uganda,Remittance,9.3,0,0,0,65010.84,-27.98,15560.92,23.94,0,0.0,Series A,0.0,6662,188.09,2539845.64,34473,73.68,0,8.7,16.02,0.2,0.6,0.55,3
FT070,SwiftMoney,16,2023,4,2023-09-12,Uganda,Remittance,9.55,0,0,0,51943.62,-5.6,17154.87,33.03,0,0.0,Series A,0.0,8731,277.56,3328795.37,30046,110.79,0,4.34,8.44,0.2,0.6,0.55,0
FT071,HubAfrica,1,2020,1,2020-01-01,Tanzania,Insurance Tech,3.6,0,0,0,485328.55,0.0,141610.18,29.18,0,0.0,Series A,0.0,63995,41.22,27214688.95,341128,79.78,0,6.41,13.03,0.25,0.6,0.6,1
FT071,HubAfrica,2,2020,2,2020-03-31,Tanzania,Insurance Tech,3.85,0,0,0,483621.77,-69.21,178644.03,36.94,0,0.0,Series A,0.0,55807,23.15,23732787.1,264848,89.61,0,5.93,7.37,0.25,0.6,0.6,2
FT071,HubAfrica,3,2020,3,2020-06-29,Tanzania,Insurance Tech,4.1,0,0,0,484968.54,-74.38,130959.22,27.0,0,0.0,Series A,0.0,46448,2.5,19752817.25,240780,82.04,0,9.15,14.88,0.25,0.6,0.6,3
FT071,HubAfrica,4,2020,4,2020-09-27,Tanzania,Insurance Tech,4.35,0,0,0,752672.09,-63.81,218988.08,29.09,0,0.0,Series A,0.0,65594,44.75,27894674.07,325921,85.59,0,12.97,10.46,0.25,0.6,0.6,0
FT071,HubAfrica,5,2020,1,2020-12-26,Tanzania,Insurance Tech,4.6,0,0,0,454446.35,-59.85,164203.5,36.13,0,0.0,Series A,0.0,72775,60.59,30948638.18,256869,120.48,0,5.13,8.61,0.25,0.6,0.6,1
FT071,HubAfrica,6,2021,2,2021-03-26,Tanzania,Insurance Tech,4.85,0,0,0,756456.52,-61.92,348627.63,46.09,0,0.0,Series A,0.0,69023,52.31,29352972.03,223020,131.62,0,16.18,10.85,0.25,0.6,0.6,2
FT071,HubAfrica,7,2021,3,2021-06-24,Tanzania,Insurance Tech,5.1,0,0,0,678206.05,-65.74,211929.57,31.25,0,0.0,Series A,0.0,62099,37.03,26408622.19,415710,63.53,0,6.46,15.39,0.25,0.6,0.6,3
FT071,HubAfrica,8,2021,4,2021-09-22,Tanzania,Insurance Tech,5.35,0,0,0,805590.23,-64.33,357866.74,44.42,0,0.0,Series A,0.0,64651,42.67,27493953.67,410571,66.97,0,15.04,16.85,0.25,0.6,0.6,0
FT071,HubAfrica,9,2021,1,2021-12-21,Tanzania,Insurance Tech,5.6,0,0,0,554164.44,-56.72,129201.04,23.31,0,0.0,Series A,0.0,78443,73.1,33359252.62,437955,76.17,0,7.63,16.62,0.25,0.6,0.6,1
FT071,HubAfrica,10,2022,2,2022-03-21,Tanzania,Insurance Tech,5.85,0,0,0,839222.18,-59.12,281866.01,33.59,0,0.0,Series A,0.0,74109,63.54,31516137.34,296142,106.42,0,11.05,10.68,0.25,0.6,0.6,2
FT071,HubAfrica,11,2022,3,2022-06-19,Tanzania,Insurance Tech,6.1,0,0,0,354300.72,-55.8,109695.81,30.96,0,4327451.0,Series B,4327451.0,80124,76.81,34073832.63,570041,59.77,0,6.35,6.68,0.25,0.6,0.6,3
FT071,HubAfrica,12,2022,4,2022-09-17,Tanzania,Insurance Tech,6.35,0,0,0,729159.18,-52.77,224962.25,30.85,0,0.0,Series A,0.0,85610,88.92,36407117.43,473193,76.94,0,10.05,15.26,0.25,0.6,0.6,0
FT071,HubAfrica,13,2022,1,2022-12-16,Tanzania,Insurance Tech,6.6,0,0,0,722375.5,-42.16,240474.34,33.29,0,0.0,Series A,0.0,104836,131.34,44582977.0,505989,88.11,0,10.19,7.69,0.25,0.6,0.6,1
FT071,HubAfrica,14,2023,2,2023-03-16,Tanzania,Insurance Tech,6.85,0,0,0,795342.68,-47.37,166397.59,20.92,0,0.0,Series A,0.0,95397,110.51,40568909.04,718662,56.45,0,7.76,11.88,0.25,0.6,0.6,2
FT071,HubAfrica,15,2023,3,2023-06-14,Tanzania,Insurance Tech,7.1,0,0,0,533461.44,-43.18,209544.41,39.28,0,0.0,Series A,0.0,102990,127.27,43798148.38,646388,67.76,0,5.8,8.4,0.25,0.6,0.6,3
FT071,HubAfrica,16,2023,4,2023-09-12,Tanzania,Insurance Tech,7.35,0,0,0,480743.89,-38.52,144820.53,30.12,0,0.0,Series A,0.0,111437,145.91,47390081.11,572144,82.83,0,6.38,17.94,0.25,0.6,0.6,0
FT072,DirectAfrica,1,2020,1,2020-01-01,Zambia,Digital Banking,2.0,0,0,0,19531.12,0.0,3389.67,17.36,0,0.0,Seed,0.0,18268,16.77,1287340.32,160507,8.02,0,1.51,9.26,0.2,0.6,0.5,1
FT072,DirectAfrica,2,2020,2,2020-03-31,Zambia,Digital Banking,2.25,0,0,0,20575.39,-70.14,6143.89,29.86,0,0.0,Seed,0.0,18686,19.44,1316808.36,146843,8.97,0,1.14,11.18,0.2,0.6,0.5,2
FT072,DirectAfrica,3,2020,3,2020-06-29,Zambia,Digital Banking,2.5,0,0,0,28509.61,-69.3,7361.94,25.82,0,2397418.66,Seed,2397418.66,19213,22.81,1353936.04,54379,24.9,0,1.1,10.45,0.2,0.6,0.5,3
FT072,DirectAfrica,4,2020,4,2020-09-27,Zambia,Digital Banking,2.75,0,0,0,27173.62,-68.92,4975.33,18.31,0,0.0,Seed,0.0,19448,24.31,1370537.49,66052,20.75,0,0.82,13.65,0.2,0.6,0.5,0
FT072,DirectAfrica,5,2020,1,2020-12-26,Zambia,Digital Banking,3.0,0,0,0,34763.31,-57.02,8973.91,25.81,0,0.0,Seed,0.0,26896,71.92,1895390.51,103559,18.3,0,1.38,7.34,0.2,0.6,0.5,1
FT072,DirectAfrica,6,2021,2,2021-03-26,Zambia,Digital Banking,3.25,0,0,0,37914.85,-69.4,11960.62,31.55,0,0.0,Seed,0.0,19146,22.38,1349207.97,119256,11.31,0,2.02,11.29,0.2,0.6,0.5,2
FT072,DirectAfrica,7,2021,3,2021-06-24,Zambia,Digital Banking,3.5,0,0,0,32386.53,-72.2,12903.74,39.84,0,0.0,Seed,0.0,17393,11.18,1225731.41,41346,29.65,0,1.63,6.86,0.2,0.6,0.5,3
FT072,DirectAfrica,8,2021,4,2021-09-22,Zambia,Digital Banking,3.75,0,0,0,24788.6,-79.64,3245.24,13.09,0,0.0,Seed,0.0,12743,-18.55,898052.29,73943,12.15,0,0.98,10.07,0.2,0.6,0.5,0
FT072,DirectAfrica,9,2021,1,2021-12-21,Zambia,Digital Banking,4.0,1,1,1,61.91,-99.94,15.24,24.61,0,0.0,Seed,0.0,1000,-93.61,2798.01,6170,0.45,0,0.06,44.81,0.2,0.6,0.5,1
FT072,DirectAfrica,10,2022,2,2022-03-21,Zambia,Digital Banking,4.25,1,1,1,54.61,-99.95,10.21,18.69,0,0.0,Seed,0.0,1000,-93.61,2078.01,5078,0.41,0,0.04,56.8,0.2,0.6,0.5,2
FT072,DirectAfrica,11,2022,3,2022-06-19,Zambia,Digital Banking,4.5,1,1,1,24.88,-99.97,8.47,34.07,0,0.0,Seed,0.0,1000,-93.61,1189.84,5290,0.22,0,0.03,44.75,0.2,0.6,0.5,3
FT072,DirectAfrica,12,2022,4,2022-09-17,Zambia,Digital Banking,4.75,1,1,1,13.27,-99.98,3.53,26.63,0,0.0,Seed,0.0,1000,-93.61,1006.97,3672,0.27,0,0.01,48.31,0.2,0.6,0.5,0
FT072,DirectAfrica,13,2022,1,2022-12-16,Zambia,Digital Banking,5.0,1,1,1,11.81,-99.98,1.74,14.73,0,0.0,Seed,0.0,1000,-93.61,748.91,3766,0.2,0,0.01,46.78,0.2,0.6,0.5,1
FT072,DirectAfrica,14,2023,2,2023-03-16,Zambia,Digital Banking,5.25,1,1,0,10.51,-99.99,2.93,27.83,0,0.0,Seed,0.0,1000,-93.61,477.41,4689,0.1,0,0.01,33.11,0.2,0.6,0.5,2
FT072,DirectAfrica,15,2023,3,2023-06-14,Zambia,Digital Banking,5.5,1,1,0,4.67,-99.99,1.6,34.24,0,0.0,Seed,0.0,1000,-93.61,270.41,6702,0.04,0,0.0,52.79,0.2,0.6,0.5,3
FT072,DirectAfrica,16,2023,4,2023-09-12,Zambia,Digital Banking,5.75,1,1,0,4.11,-99.99,1.14,27.79,0,0.0,Seed,0.0,1000,-93.61,267.88,7837,0.03,0,0.0,51.87,0.2,0.6,0.5,0
FT073,Safe,1,2020,1,2020-01-01,Uganda,Digital Lending,4.1,0,0,0,311608.39,0.0,121886.91,39.12,0,0.0,Seed,0.0,39232,16.32,17901940.03,151506,118.16,0,8.14,17.58,0.2,0.6,0.55,1
FT073,Safe,2,2020,2,2020-03-31,Uganda,Digital Lending,4.35,0,0,0,267455.6,-67.17,91317.97,34.14,0,0.0,Seed,0.0,44289,31.31,20209342.42,330782,61.1,0,7.84,12.21,0.2,0.6,0.55,2
FT073,Safe,3,2020,3,2020-06-29,Uganda,Digital Lending,4.6,0,0,0,242754.16,-68.81,65575.15,27.01,0,0.0,Seed,0.0,42074,24.74,19198808.8,258839,74.17,0,3.17,11.77,0.2,0.6,0.55,3
FT073,Safe,4,2020,4,2020-09-27,Uganda,Digital Lending,4.85,0,0,0,317345.77,-65.7,65744.07,20.72,0,0.0,Seed,0.0,46271,37.19,21113790.1,191220,110.42,0,3.77,16.08,0.2,0.6,0.55,0
FT073,Safe,5,2020,1,2020-12-26,Uganda,Digital Lending,5.1,0,0,0,212007.98,-66.17,90179.73,42.54,0,0.0,Seed,0.0,45639,35.31,20825699.97,174649,119.24,0,3.1,12.27,0.2,0.6,0.55,1
FT073,Safe,6,2021,2,2021-03-26,Uganda,Digital Lending,5.35,0,0,0,421880.34,-57.06,204838.19,48.55,0,7521684.34,Series A,7521684.34,57926,71.74,26432224.3,320950,82.36,0,5.96,15.46,0.2,0.6,0.55,2
FT073,Safe,7,2021,3,2021-06-24,Uganda,Digital Lending,5.6,0,0,0,476266.07,-68.11,200499.42,42.1,0,0.0,Seed,0.0,43022,27.55,19631233.29,196591,99.86,0,9.15,11.24,0.2,0.6,0.55,3
FT073,Safe,8,2021,4,2021-09-22,Uganda,Digital Lending,5.85,0,0,0,428845.05,-64.96,114546.33,26.71,0,0.0,Seed,0.0,47268,40.14,21568954.07,278015,77.58,0,10.94,12.33,0.2,0.6,0.55,0
FT073,Safe,9,2021,1,2021-12-21,Uganda,Digital Lending,6.1,0,0,0,645026.09,-42.61,148768.89,23.06,0,0.0,Seed,0.0,77434,129.58,35333708.81,391273,90.3,0,11.6,6.33,0.2,0.6,0.55,1
FT073,Safe,10,2022,2,2022-03-21,Uganda,Digital Lending,6.35,0,0,0,837342.79,-45.97,249989.45,29.86,0,0.0,Seed,0.0,72889,116.1,33259719.21,473077,70.31,0,10.66,9.9,0.2,0.6,0.55,2
FT073,Safe,11,2022,3,2022-06-19,Uganda,Digital Lending,6.6,0,0,0,380333.21,-48.9,87442.97,22.99,0,0.0,Seed,0.0,68935,104.38,31455661.4,302405,104.02,0,7.75,10.84,0.2,0.6,0.55,3
FT073,Safe,12,2022,4,2022-09-17,Uganda,Digital Lending,6.85,0,0,0,927014.56,-44.86,379003.48,40.88,0,0.0,Seed,0.0,74392,120.56,33945898.36,574189,59.12,0,11.24,12.83,0.2,0.6,0.55,0
FT073,Safe,13,2022,1,2022-12-16,Uganda,Digital Lending,7.1,0,0,0,612323.21,-17.77,163116.05,26.64,0,0.0,Seed,0.0,110934,228.9,50620063.18,617378,81.99,0,3.41,17.39,0.2,0.6,0.55,1
FT073,Safe,14,2023,2,2023-03-16,Uganda,Digital Lending,7.35,0,0,0,660440.63,-26.63,230930.58,34.97,0,0.0,Seed,0.0,98994,193.5,45171544.41,252045,179.22,0,6.23,17.03,0.2,0.6,0.55,2
FT073,Safe,15,2023,3,2023-06-14,Uganda,Digital Lending,7.6,0,0,0,780490.85,-20.44,193527.76,24.8,0,0.0,Seed,0.0,107332,218.22,48976572.07,683196,71.69,0,10.74,16.72,0.2,0.6,0.55,3
FT073,Safe,16,2023,4,2023-09-12,Uganda,Digital Lending,7.85,0,0,0,1479464.84,-9.23,325292.94,21.99,0,0.0,Seed,0.0,122467,263.09,55882666.02,338527,165.08,0,12.73,12.28,0.2,0.6,0.55,0
FT074,ExpressAfrica,1,2020,1,2020-01-01,Ethiopia,Digital Banking,10.9,0,0,0,92512.58,0.0,27106.36,29.3,0,0.0,Series A,0.0,43253,21.62,3622919.81,134987,26.84,0,2.91,12.6,0.5,0.55,0.5,1
FT074,ExpressAfrica,2,2020,2,2020-03-31,Ethiopia,Digital Banking,11.15,0,0,0,80395.84,-69.6,31113.42,38.7,0,0.0,Series A,0.0,43252,21.61,3622842.6,228649,15.84,0,1.32,12.19,0.5,0.55,0.5,2
FT074,ExpressAfrica,3,2020,3,2020-06-29,Ethiopia,Digital Banking,11.4,0,0,0,79902.94,-70.81,14070.81,17.61,0,0.0,Series A,0.0,41521,16.75,3477830.18,121317,28.67,0,1.99,13.14,0.5,0.55,0.5,3
FT074,ExpressAfrica,4,2020,4,2020-09-27,Ethiopia,Digital Banking,11.65,0,0,0,79188.99,-60.83,25327.1,31.98,0,0.0,Series A,0.0,55726,56.69,4667650.57,158283,29.49,0,1.95,6.66,0.5,0.55,0.5,0
FT074,ExpressAfrica,5,2020,1,2020-12-26,Ethiopia,Digital Banking,11.9,0,0,0,110938.71,-58.24,14087.72,12.7,0,0.0,Series A,0.0,59406,67.03,4975852.35,244687,20.34,0,2.5,10.76,0.5,0.55,0.5,1
FT074,ExpressAfrica,6,2021,2,2021-03-26,Ethiopia,Digital Banking,12.15,0,0,0,95322.49,-60.97,22924.29,24.05,0,0.0,Series A,0.0,55531,56.14,4651291.26,180473,25.77,0,1.49,9.07,0.5,0.55,0.5,2
FT074,ExpressAfrica,7,2021,3,2021-06-24,Ethiopia,Digital Banking,12.4,0,0,0,127768.12,-57.14,42485.1,33.25,0,0.0,Series A,0.0,60976,71.45,5107409.39,358386,14.25,0,2.04,15.17,0.5,0.55,0.5,3
FT074,ExpressAfrica,8,2021,4,2021-09-22,Ethiopia,Digital Banking,12.65,0,0,0,75976.34,-44.47,11561.55,15.22,0,0.0,Series A,0.0,78991,122.1,6616313.73,259623,25.48,0,1.13,15.09,0.5,0.55,0.5,0
FT074,ExpressAfrica,9,2021,1,2021-12-21,Ethiopia,Digital Banking,12.9,0,0,0,137987.16,-34.38,31276.85,22.67,0,0.0,Series A,0.0,93352,162.48,7819169.15,556035,14.06,0,1.4,11.18,0.5,0.55,0.5,1
FT074,ExpressAfrica,10,2022,2,2022-03-21,Ethiopia,Digital Banking,13.15,0,0,0,85359.98,-34.63,20034.98,23.47,0,0.0,Series A,0.0,92989,161.46,7788780.7,448488,17.37,0,0.59,5.29,0.5,0.55,0.5,2
FT074,ExpressAfrica,11,2022,3,2022-06-19,Ethiopia,Digital Banking,13.4,0,0,0,227387.36,-32.28,94610.6,41.61,0,0.0,Series A,0.0,96343,170.89,8069748.85,225023,35.86,0,1.21,13.35,0.5,0.55,0.5,3
FT074,ExpressAfrica,12,2022,4,2022-09-17,Ethiopia,Digital Banking,13.65,0,0,0,182097.3,-31.42,73804.84,40.53,0,0.0,Series A,0.0,97563,174.32,8171934.79,707351,11.55,0,2.71,7.85,0.5,0.55,0.5,0
FT074,ExpressAfrica,13,2022,1,2022-12-16,Ethiopia,Digital Banking,13.9,0,0,0,200858.2,-11.83,65484.03,32.6,0,0.0,Series A,0.0,125430,252.68,10506059.63,522515,20.11,0,1.96,5.97,0.5,0.55,0.5,1
FT074,ExpressAfrica,14,2023,2,2023-03-16,Ethiopia,Digital Banking,14.15,0,0,0,177096.45,7.23,28611.16,16.16,0,0.0,Series A,0.0,152546,328.92,12777245.58,1179270,10.83,0,1.14,12.89,0.5,0.55,0.5,2
FT074,ExpressAfrica,15,2023,3,2023-06-14,Ethiopia,Digital Banking,14.4,0,0,0,127620.1,-19.56,36287.73,28.43,0,0.0,Series A,0.0,114430,221.75,9584700.37,479760,19.98,0,1.26,10.9,0.5,0.55,0.5,3
FT074,ExpressAfrica,16,2023,4,2023-09-12,Ethiopia,Digital Banking,14.65,0,0,0,155029.88,5.57,51400.74,33.16,0,0.0,Series A,0.0,150189,322.29,12579902.2,897096,14.02,0,1.3,15.46,0.5,0.55,0.5,0
FT075,MoneyTech,1,2020,1,2020-01-01,Ethiopia,Payment Gateway,2.0,0,0,0,40117.1,0.0,7368.9,18.37,0,0.0,Series A,0.0,11148,30.11,1987956.46,41528,47.87,0,3.14,10.04,0.5,0.55,0.5,1
FT075,MoneyTech,2,2020,2,2020-03-31,Ethiopia,Payment Gateway,2.25,0,0,0,37051.11,-73.27,9510.89,25.67,0,0.0,Series A,0.0,9161,6.92,1633645.88,28053,58.23,0,4.49,9.07,0.5,0.55,0.5,2
FT075,MoneyTech,3,2020,3,2020-06-29,Ethiopia,Payment Gateway,2.5,0,0,0,28057.84,-68.32,12005.53,42.79,0,0.0,Series A,0.0,10855,26.69,1935690.74,48050,40.28,0,1.88,10.78,0.5,0.55,0.5,3
FT075,MoneyTech,4,2020,4,2020-09-27,Ethiopia,Payment Gateway,2.75,0,0,0,44593.15,-66.2,6734.44,15.1,0,0.0,Series A,0.0,11582,35.18,2065241.81,54542,37.87,0,1.98,9.73,0.5,0.55,0.5,0
FT075,MoneyTech,5,2020,1,2020-12-26,Ethiopia,Payment Gateway,3.0,0,0,0,38990.14,-51.23,13029.05,33.42,0,0.0,Series A,0.0,16715,95.09,2980552.24,108627,27.44,0,1.96,12.7,0.5,0.55,0.5,1
FT075,MoneyTech,6,2021,2,2021-03-26,Ethiopia,Payment Gateway,3.25,0,0,0,58623.34,-47.17,18385.39,31.36,0,0.0,Series A,0.0,18106,111.33,3228654.95,41411,77.97,0,3.66,11.42,0.5,0.55,0.5,2
FT075,MoneyTech,7,2021,3,2021-06-24,Ethiopia,Payment Gateway,3.5,0,0,0,49940.44,-57.98,13663.6,27.36,0,0.0,Series A,0.0,14400,68.07,2567732.14,72369,35.48,0,2.48,5.31,0.5,0.55,0.5,3
FT075,MoneyTech,8,2021,4,2021-09-22,Ethiopia,Payment Gateway,3.75,0,0,0,62700.32,-58.92,18852.35,30.07,0,0.0,Series A,0.0,14077,64.3,2510186.24,53573,46.86,0,4.46,14.88,0.5,0.55,0.5,0
FT075,MoneyTech,9,2021,1,2021-12-21,Ethiopia,Payment Gateway,4.0,0,0,0,61685.62,-29.9,21899.1,35.5,0,0.0,Series A,0.0,24024,180.4,4283776.41,66337,64.58,0,3.3,8.81,0.5,0.55,0.5,1
FT075,MoneyTech,10,2022,2,2022-03-21,Ethiopia,Payment Gateway,4.25,0,0,0,53556.61,-30.52,21270.01,39.72,0,0.0,Series A,0.0,23811,177.91,4245819.01,164676,25.78,0,1.91,13.27,0.5,0.55,0.5,2
FT075,MoneyTech,11,2022,3,2022-06-19,Ethiopia,Payment Gateway,4.5,0,0,0,42200.79,-39.08,4822.2,11.43,0,0.0,Series A,0.0,20877,143.67,3722742.36,131965,28.21,0,1.6,9.16,0.5,0.55,0.5,3
FT075,MoneyTech,12,2022,4,2022-09-17,Ethiopia,Payment Gateway,4.75,0,0,0,94789.07,-29.23,20818.04,21.96,0,0.0,Series A,0.0,24253,183.07,4324607.48,161484,26.78,0,5.21,12.66,0.5,0.55,0.5,0
FT075,MoneyTech,13,2022,1,2022-12-16,Ethiopia,Payment Gateway,5.0,0,0,0,86479.88,0.84,27262.12,31.52,0,0.0,Series A,0.0,34558,303.35,6162169.19,235755,26.14,0,3.64,6.6,0.5,0.55,0.5,1
FT075,MoneyTech,14,2023,2,2023-03-16,Ethiopia,Payment Gateway,5.25,0,0,0,115204.1,-6.32,35704.52,30.99,0,0.0,Series A,0.0,32104,274.7,5724535.41,198555,28.83,0,3.68,7.65,0.5,0.55,0.5,2
FT075,MoneyTech,15,2023,3,2023-06-14,Ethiopia,Payment Gateway,5.5,0,0,0,108219.61,-12.04,20748.67,19.17,0,0.0,Series A,0.0,30144,251.83,5375015.15,95837,56.08,0,4.13,10.24,0.5,0.55,0.5,3
FT075,MoneyTech,16,2023,4,2023-09-12,Ethiopia,Payment Gateway,5.75,0,0,0,119966.42,1.05,32146.08,26.8,0,0.0,Series A,0.0,34631,304.2,6175126.54,246837,25.02,0,4.69,11.42,0.5,0.55,0.5,0
FT076,ZapPlus,1,2020,1,2020-01-01,Nigeria,Digital Banking,1.6,0,0,0,2293332.0,0.0,653975.08,28.52,0,0.0,Series B,0.0,215769,20.59,101848154.7,1008669,100.97,0,12.85,6.72,1.0,0.7,0.6,1
FT076,ZapPlus,2,2020,2,2020-03-31,Nigeria,Digital Banking,1.85,0,0,0,2093600.24,-71.99,507042.19,24.22,0,0.0,Series B,0.0,200494,12.05,94638010.7,1380281,68.56,0,10.51,6.2,1.0,0.7,0.6,2
FT076,ZapPlus,3,2020,3,2020-06-29,Nigeria,Digital Banking,2.1,0,0,0,1151202.21,-69.89,297611.73,25.85,0,0.0,Series B,0.0,215508,20.44,101724675.33,816894,124.53,0,7.53,8.52,1.0,0.7,0.6,3
FT076,ZapPlus,4,2020,4,2020-09-27,Nigeria,Digital Banking,2.35,0,0,0,2961036.52,-58.01,869127.23,29.35,0,0.0,Series B,0.0,300503,67.95,141844368.03,1411869,100.47,0,5.72,9.4,1.0,0.7,0.6,0
FT076,ZapPlus,5,2020,1,2020-12-26,Nigeria,Digital Banking,2.6,0,0,0,1688873.72,-55.0,471610.83,27.92,0,0.0,Series B,0.0,322057,79.99,152018230.7,2184827,69.58,0,7.11,6.27,1.0,0.7,0.6,1
FT076,ZapPlus,6,2021,2,2021-03-26,Nigeria,Digital Banking,2.85,0,0,0,3153570.63,-45.78,1094228.35,34.7,0,0.0,Series B,0.0,388073,116.89,183179200.94,2719120,67.37,0,5.82,6.65,1.0,0.7,0.6,2
FT076,ZapPlus,7,2021,3,2021-06-24,Nigeria,Digital Banking,3.1,0,0,0,3784198.41,-56.58,934698.36,24.7,0,0.0,Series B,0.0,310767,73.68,146689354.75,1547402,94.8,0,11.86,9.69,1.0,0.7,0.6,3
FT076,ZapPlus,8,2021,4,2021-09-22,Nigeria,Digital Banking,3.35,0,0,0,2062938.69,-58.18,760382.35,36.86,0,0.0,Series B,0.0,299344,67.3,141297082.7,2111272,66.93,0,9.58,14.4,1.0,0.7,0.6,0
FT076,ZapPlus,9,2021,1,2021-12-21,Nigeria,Digital Banking,3.6,0,0,0,6436327.0,-21.71,2034213.85,31.61,0,7626427.67,Series B,7626427.67,560308,213.15,264478101.54,2249297,117.58,0,8.21,14.13,1.0,0.7,0.6,1
FT076,ZapPlus,10,2022,2,2022-03-21,Nigeria,Digital Banking,3.85,0,0,0,4505401.77,-38.09,687910.21,15.27,0,0.0,Series B,0.0,443092,147.64,209149388.47,2003547,104.39,0,7.21,13.51,1.0,0.7,0.6,2
FT076,ZapPlus,11,2022,3,2022-06-19,Nigeria,Digital Banking,4.1,0,0,0,2525757.52,-46.45,1239597.77,49.08,0,0.0,Series B,0.0,383247,114.19,180901185.28,2561583,70.62,0,7.66,8.59,1.0,0.7,0.6,3
FT076,ZapPlus,12,2022,4,2022-09-17,Nigeria,Digital Banking,4.35,0,0,0,4142468.39,-26.97,1459563.66,35.23,0,0.0,Series B,0.0,522696,192.13,246724146.03,2049002,120.41,0,5.73,15.88,1.0,0.7,0.6,0
FT076,ZapPlus,13,2022,1,2022-12-16,Nigeria,Digital Banking,4.6,0,0,0,3739744.66,-4.71,573164.8,15.33,0,0.0,Series B,0.0,682005,281.16,321921774.25,2506042,128.46,0,6.59,11.2,1.0,0.7,0.6,1
FT076,ZapPlus,14,2023,2,2023-03-16,Nigeria,Digital Banking,4.85,0,0,0,4669210.59,-15.21,1392316.79,29.82,0,0.0,Series B,0.0,606825,239.15,286434967.04,4319220,66.32,0,10.71,7.05,1.0,0.7,0.6,2
FT076,ZapPlus,15,2023,3,2023-06-14,Nigeria,Digital Banking,5.1,0,0,0,4286577.38,-8.67,996816.75,23.25,0,0.0,Series B,0.0,653689,265.34,308555899.95,3497542,88.22,0,7.66,13.14,1.0,0.7,0.6,3
FT076,ZapPlus,16,2023,4,2023-09-12,Nigeria,Digital Banking,5.35,0,0,0,9357508.53,-3.66,2443093.3,26.11,0,0.0,Series B,0.0,689528,285.37,325472673.65,3233039,100.67,0,16.18,11.57,1.0,0.7,0.6,0
FT077,TechAfrica,1,2020,1,2020-01-01,Ghana,Investment Platform,9.3,0,0,0,132185.47,0.0,25156.26,19.03,0,0.0,Series B,0.0,57794,8.87,12171461.24,141558,85.98,0,2.55,14.17,0.3,0.65,0.6,1
FT077,TechAfrica,2,2020,2,2020-03-31,Ghana,Investment Platform,9.55,0,0,0,343738.46,-71.96,83449.21,24.28,0,0.0,Series B,0.0,59551,12.18,12541438.54,290704,43.14,0,4.37,11.17,0.3,0.65,0.6,2
FT077,TechAfrica,3,2020,3,2020-06-29,Ghana,Investment Platform,9.8,0,0,0,192387.56,-73.6,57677.6,29.98,0,0.0,Series B,0.0,56059,5.6,11806023.46,279886,42.18,0,4.73,12.35,0.3,0.65,0.6,3
FT077,TechAfrica,4,2020,4,2020-09-27,Ghana,Investment Platform,10.05,0,0,0,331887.32,-63.36,57350.19,17.28,0,0.0,Series B,0.0,77808,46.57,16386453.53,322273,50.85,0,5.86,14.95,0.3,0.65,0.6,0
FT077,TechAfrica,5,2020,1,2020-12-26,Ghana,Investment Platform,10.3,0,0,0,598104.17,-53.98,209959.84,35.1,0,0.0,Series B,0.0,97727,84.09,20581469.63,471630,43.64,0,6.03,10.08,0.3,0.65,0.6,1
FT077,TechAfrica,6,2021,2,2021-03-26,Ghana,Investment Platform,10.55,0,0,0,258862.73,-55.43,62111.87,23.99,0,3092713.02,Series A,3092713.02,94641,78.28,19931389.75,510947,39.01,0,1.37,9.61,0.3,0.65,0.6,2
FT077,TechAfrica,7,2021,3,2021-06-24,Ghana,Investment Platform,10.8,0,0,0,464129.89,-53.19,122644.02,26.42,0,0.0,Series B,0.0,99406,87.26,20934955.41,686301,30.5,0,5.02,12.55,0.3,0.65,0.6,3
FT077,TechAfrica,8,2021,4,2021-09-22,Ghana,Investment Platform,11.05,0,0,0,607609.53,-43.97,172390.65,28.37,0,4170947.84,Series B,4170947.84,118985,124.14,25058253.19,897848,27.91,0,4.63,7.0,0.3,0.65,0.6,0
FT077,TechAfrica,9,2021,1,2021-12-21,Ghana,Investment Platform,11.3,0,0,0,534172.53,-29.43,102932.46,19.27,0,0.0,Series B,0.0,149843,182.27,31556921.27,1306952,24.15,0,4.34,13.18,0.3,0.65,0.6,1
FT077,TechAfrica,10,2022,2,2022-03-21,Ghana,Investment Platform,11.55,0,0,0,815425.99,-33.02,269660.06,33.07,0,0.0,Series B,0.0,142219,167.9,29951381.53,360362,83.11,0,3.15,8.76,0.3,0.65,0.6,2
FT077,TechAfrica,11,2022,3,2022-06-19,Ghana,Investment Platform,11.8,0,0,0,1040043.64,-17.62,433945.12,41.72,0,0.0,Series B,0.0,174925,229.51,36839258.06,567701,64.89,0,6.13,9.54,0.3,0.65,0.6,3
FT077,TechAfrica,12,2022,4,2022-09-17,Ghana,Investment Platform,12.05,0,0,0,470185.45,-16.73,64386.28,13.69,0,0.0,Series B,0.0,176819,233.08,37238090.59,644161,57.81,0,2.34,11.74,0.3,0.65,0.6,0
FT077,TechAfrica,13,2022,1,2022-12-16,Ghana,Investment Platform,12.3,0,0,0,808172.05,-14.75,226762.92,28.06,0,0.0,Series B,0.0,181012,240.98,38121179.79,1479326,25.77,0,5.78,5.67,0.3,0.65,0.6,1
FT077,TechAfrica,14,2023,2,2023-03-16,Ghana,Investment Platform,12.55,0,0,0,919604.5,5.94,273176.77,29.71,0,0.0,Series B,0.0,224955,323.76,47375690.94,898438,52.73,0,5.03,15.64,0.3,0.65,0.6,2
FT077,TechAfrica,15,2023,3,2023-06-14,Ghana,Investment Platform,12.8,0,0,0,743808.26,-3.54,247212.04,33.24,0,0.0,Series B,0.0,204821,285.83,43135385.12,1216588,35.46,0,3.75,8.32,0.3,0.65,0.6,3
FT077,TechAfrica,16,2023,4,2023-09-12,Ghana,Investment Platform,13.05,0,0,0,1088524.01,6.61,492038.18,45.2,0,0.0,Series B,0.0,226374,326.43,47674533.13,1343453,35.49,0,5.14,14.45,0.3,0.65,0.6,0
FT078,TrustAfrica,1,2020,1,2020-01-01,Tanzania,Payment Gateway,3.9,0,0,0,219746.04,0.0,65691.2,29.89,0,7363382.45,Seed,7363382.45,54136,16.2,15589214.29,385672,40.42,0,5.42,9.44,0.25,0.6,0.6,1
FT078,TrustAfrica,2,2020,2,2020-03-31,Tanzania,Payment Gateway,4.15,0,0,0,505235.75,-65.16,145123.5,28.72,0,0.0,Bootstrapped,0.0,64920,39.34,18694679.07,304322,61.43,0,9.17,11.16,0.25,0.6,0.6,2
FT078,TrustAfrica,3,2020,3,2020-06-29,Tanzania,Payment Gateway,4.4,0,0,0,360537.18,-71.73,53865.2,14.94,0,0.0,Bootstrapped,0.0,52687,13.09,15171896.03,350890,43.24,0,4.9,13.35,0.25,0.6,0.6,3
FT078,TrustAfrica,4,2020,4,2020-09-27,Tanzania,Payment Gateway,4.65,0,0,0,415680.09,-66.92,139997.53,33.68,0,0.0,Bootstrapped,0.0,61648,32.32,17752574.36,130774,135.75,0,9.13,5.48,0.25,0.6,0.6,0
FT078,TrustAfrica,5,2020,1,2020-12-26,Tanzania,Payment Gateway,4.9,0,0,0,526334.43,-63.19,131279.54,24.94,0,0.0,Bootstrapped,0.0,68608,47.26,19756694.21,339154,58.25,0,8.92,12.31,0.25,0.6,0.6,1
FT078,TrustAfrica,6,2021,2,2021-03-26,Tanzania,Payment Gateway,5.15,0,0,0,437759.17,-50.55,79094.0,18.07,0,0.0,Bootstrapped,0.0,92160,97.81,26538881.13,323773,81.97,0,4.91,5.9,0.25,0.6,0.6,2
FT078,TrustAfrica,7,2021,3,2021-06-24,Tanzania,Payment Gateway,5.4,0,0,0,617740.73,-57.15,103577.84,16.77,0,0.0,Bootstrapped,0.0,79846,71.38,22992847.76,180791,127.18,0,11.14,11.07,0.25,0.6,0.6,3
FT078,TrustAfrica,8,2021,4,2021-09-22,Tanzania,Payment Gateway,5.65,0,0,0,711829.42,-55.1,260114.47,36.54,0,0.0,Bootstrapped,0.0,83683,79.61,24097609.18,468734,51.41,0,11.96,13.6,0.25,0.6,0.6,0
FT078,TrustAfrica,9,2021,1,2021-12-21,Tanzania,Payment Gateway,5.9,0,0,0,473777.78,-25.27,146810.23,30.99,0,0.0,Bootstrapped,0.0,139273,198.93,40105653.37,1216586,32.97,0,3.77,6.86,0.25,0.6,0.6,1
FT078,TrustAfrica,10,2022,2,2022-03-21,Tanzania,Payment Gateway,6.15,0,0,0,828913.51,-31.14,349236.05,42.13,0,0.0,Bootstrapped,0.0,128319,175.42,36951304.16,415815,88.86,0,5.34,10.37,0.25,0.6,0.6,2
FT078,TrustAfrica,11,2022,3,2022-06-19,Tanzania,Payment Gateway,6.4,0,0,0,1084048.42,-27.94,175157.71,16.16,0,0.0,Bootstrapped,0.0,134289,188.23,38670345.73,789462,48.98,0,4.24,9.28,0.25,0.6,0.6,3
FT078,TrustAfrica,12,2022,4,2022-09-17,Tanzania,Payment Gateway,6.65,0,0,0,836616.3,-35.6,300328.15,35.9,0,0.0,Bootstrapped,0.0,120015,157.6,34559849.55,341957,101.06,0,5.22,9.79,0.25,0.6,0.6,0
FT078,TrustAfrica,13,2022,1,2022-12-16,Tanzania,Payment Gateway,6.9,0,0,0,515984.94,-15.01,137634.71,26.67,0,0.0,Bootstrapped,0.0,158394,239.97,45611687.12,809789,56.33,0,2.98,9.7,0.25,0.6,0.6,1
FT078,TrustAfrica,14,2023,2,2023-03-16,Tanzania,Payment Gateway,7.15,0,0,0,1687871.91,9.0,605201.61,35.86,0,0.0,Bootstrapped,0.0,203130,335.99,58494062.29,1262607,46.33,0,9.22,6.41,0.25,0.6,0.6,2
FT078,TrustAfrica,15,2023,3,2023-06-14,Tanzania,Payment Gateway,7.4,0,0,0,887160.74,-19.68,206052.37,23.23,0,0.0,Bootstrapped,0.0,149684,221.28,43103581.92,681835,63.22,0,4.33,14.43,0.25,0.6,0.6,3
FT078,TrustAfrica,16,2023,4,2023-09-12,Tanzania,Payment Gateway,7.65,0,0,0,1152691.51,16.0,354918.98,30.79,0,0.0,Bootstrapped,0.0,216171,363.98,62249198.35,654147,95.16,0,4.54,9.04,0.25,0.6,0.6,0
FT079,TrustTech,1,2020,1,2020-01-01,Rwanda,Investment Platform,1.5,0,0,0,162266.87,0.0,49415.87,30.45,0,0.0,Seed,0.0,32729,26.92,9792703.46,266790,36.71,0,6.92,8.34,0.15,0.75,0.7,1
FT079,TrustTech,2,2020,2,2020-03-31,Rwanda,Investment Platform,1.75,0,0,0,152579.63,-69.2,44228.37,28.99,0,0.0,Seed,0.0,31768,23.19,9505070.32,115587,82.23,0,6.7,12.64,0.15,0.75,0.7,2
FT079,TrustTech,3,2020,3,2020-06-29,Rwanda,Investment Platform,2.0,0,0,0,179897.56,-72.59,80862.57,44.95,0,0.0,Seed,0.0,28271,9.63,8458731.93,64622,130.9,0,4.97,11.89,0.15,0.75,0.7,3
FT079,TrustTech,4,2020,4,2020-09-27,Rwanda,Investment Platform,2.25,0,0,0,265491.43,-65.9,105782.67,39.84,0,0.0,Seed,0.0,35174,36.4,10524101.15,242717,43.36,0,3.84,14.86,0.15,0.75,0.7,0
FT079,TrustTech,5,2020,1,2020-12-26,Rwanda,Investment Platform,2.5,0,0,0,267350.54,-60.18,87061.62,32.56,0,0.0,Seed,0.0,41076,59.28,12290068.22,282068,43.57,0,3.53,5.5,0.15,0.75,0.7,1
FT079,TrustTech,6,2021,2,2021-03-26,Rwanda,Investment Platform,2.75,0,0,0,134173.62,-65.6,43515.28,32.43,0,0.0,Seed,0.0,35487,37.61,10617746.79,168506,63.01,0,2.64,11.29,0.15,0.75,0.7,2
FT079,TrustTech,7,2021,3,2021-06-24,Rwanda,Investment Platform,3.0,0,0,0,164799.56,-56.1,50305.16,30.53,0,0.0,Seed,0.0,45284,75.6,13549021.93,98121,138.08,0,5.26,13.78,0.15,0.75,0.7,3
FT079,TrustTech,8,2021,4,2021-09-22,Rwanda,Investment Platform,3.25,0,0,0,278622.91,-52.73,66687.5,23.93,0,0.0,Seed,0.0,48757,89.07,14588192.92,273654,53.31,0,6.17,7.88,0.15,0.75,0.7,0
FT079,TrustTech,9,2021,1,2021-12-21,Rwanda,Investment Platform,3.5,0,0,0,478253.53,-42.05,156711.95,32.77,0,0.0,Seed,0.0,59780,131.81,17886334.96,176746,101.2,0,11.09,13.24,0.15,0.75,0.7,1
FT079,TrustTech,10,2022,2,2022-03-21,Rwanda,Investment Platform,3.75,0,0,0,327425.22,-50.23,131566.7,40.18,0,0.0,Seed,0.0,51338,99.08,15360278.34,153399,100.13,0,5.76,9.68,0.15,0.75,0.7,2
FT079,TrustTech,11,2022,3,2022-06-19,Rwanda,Investment Platform,4.0,0,0,0,307619.27,-42.26,37042.75,12.04,0,0.0,Seed,0.0,59559,130.96,17820011.68,387534,45.98,0,3.5,14.67,0.15,0.75,0.7,3
FT079,TrustTech,12,2022,4,2022-09-17,Rwanda,Investment Platform,4.25,0,0,0,201879.81,-35.16,65752.22,32.57,0,0.0,Seed,0.0,66888,159.38,20012909.08,291401,68.68,0,1.91,6.57,0.15,0.75,0.7,0
FT079,TrustTech,13,2022,1,2022-12-16,Rwanda,Investment Platform,4.5,0,0,0,697898.82,-10.92,183224.94,26.25,0,0.0,Seed,0.0,91892,256.33,27493936.39,559856,49.11,0,5.65,13.23,0.15,0.75,0.7,1
FT079,TrustTech,14,2023,2,2023-03-16,Rwanda,Investment Platform,4.75,0,0,0,817181.17,-10.63,200828.38,24.58,0,0.0,Seed,0.0,92185,257.47,27581807.61,416494,66.22,0,6.58,13.98,0.15,0.75,0.7,2
FT079,TrustTech,15,2023,3,2023-06-14,Rwanda,Investment Platform,5.0,0,0,0,713739.59,-7.07,257693.09,36.1,0,0.0,Seed,0.0,95857,271.71,28680280.49,405539,70.72,0,6.89,13.52,0.15,0.75,0.7,3
FT079,TrustTech,16,2023,4,2023-09-12,Rwanda,Investment Platform,5.25,0,0,0,756492.11,3.11,262690.11,34.72,0,8266557.95,Series C,8266557.95,106357,312.43,31822037.13,598835,53.14,0,10.6,9.76,0.15,0.75,0.7,0
FT080,ProTech,1,2020,1,2020-01-01,Rwanda,Digital Banking,4.6,0,0,0,4657.11,0.0,976.49,20.97,0,0.0,Series B,0.0,2443,34.79,308874.22,18077,17.09,0,1.99,6.8,0.15,0.75,0.7,1
FT080,ProTech,2,2020,2,2020-03-31,Rwanda,Digital Banking,4.85,0,0,0,8834.04,-65.1,2189.5,24.78,0,0.0,Series B,0.0,2529,39.53,319796.55,11925,26.82,0,2.42,11.35,0.15,0.75,0.7,2
FT080,ProTech,3,2020,3,2020-06-29,Rwanda,Digital Banking,5.1,0,0,0,3737.74,-77.75,1740.64,46.57,0,0.0,Series B,0.0,1612,-11.06,203867.49,3942,51.72,0,1.87,14.97,0.15,0.75,0.7,3
FT080,ProTech,4,2020,4,2020-09-27,Rwanda,Digital Banking,5.35,0,0,0,8486.61,-63.19,2148.24,25.31,0,0.0,Series B,0.0,2668,47.2,337343.74,11350,29.72,0,4.59,10.82,0.15,0.75,0.7,0
FT080,ProTech,5,2020,1,2020-12-26,Rwanda,Digital Banking,5.6,0,0,0,9008.71,-58.12,3634.02,40.34,0,0.0,Series B,0.0,3035,67.45,383769.97,8684,44.19,0,3.35,15.53,0.15,0.75,0.7,1
FT080,ProTech,6,2021,2,2021-03-26,Rwanda,Digital Banking,5.85,0,0,0,11680.47,-51.63,3495.67,29.93,0,0.0,Series B,0.0,3506,93.44,443282.09,16781,26.42,0,4.63,13.5,0.15,0.75,0.7,2
FT080,ProTech,7,2021,3,2021-06-24,Rwanda,Digital Banking,6.1,0,0,0,7766.91,-55.11,1839.43,23.68,0,0.0,Series B,0.0,3254,79.53,411419.42,9791,42.02,0,2.18,5.44,0.15,0.75,0.7,3
FT080,ProTech,8,2021,4,2021-09-22,Rwanda,Digital Banking,6.35,0,0,0,5316.16,-56.98,1970.32,37.06,0,0.0,Series B,0.0,3118,72.03,394210.79,22358,17.63,0,2.53,6.31,0.15,0.75,0.7,0
FT080,ProTech,9,2021,1,2021-12-21,Rwanda,Digital Banking,6.6,0,0,0,13163.03,-47.55,5742.01,43.62,0,0.0,Series B,0.0,3802,109.77,480634.08,31075,15.47,0,2.9,12.31,0.15,0.75,0.7,1
FT080,ProTech,10,2022,2,2022-03-21,Rwanda,Digital Banking,6.85,0,0,0,6850.61,-40.99,2193.92,32.03,0,0.0,Series B,0.0,4278,136.03,540781.16,9380,57.65,0,0.89,7.51,0.15,0.75,0.7,2
FT080,ProTech,11,2022,3,2022-06-19,Rwanda,Digital Banking,7.1,0,0,0,12808.38,-43.01,3475.24,27.13,0,0.0,Series B,0.0,4132,127.98,522319.35,21045,24.82,0,2.76,11.11,0.15,0.75,0.7,3
FT080,ProTech,12,2022,4,2022-09-17,Rwanda,Digital Banking,7.35,0,0,0,9847.17,-19.27,3454.07,35.08,0,0.0,Series B,0.0,5852,222.88,739793.36,31955,23.15,0,2.12,10.32,0.15,0.75,0.7,0
FT080,ProTech,13,2022,1,2022-12-16,Rwanda,Digital Banking,7.6,0,0,0,21433.28,-9.14,6031.1,28.14,0,0.0,Series B,0.0,6587,263.43,832711.77,32563,25.57,0,2.92,8.09,0.15,0.75,0.7,1
FT080,ProTech,14,2023,2,2023-03-16,Rwanda,Digital Banking,7.85,0,0,0,14036.87,-5.26,2636.88,18.79,0,0.0,Series B,0.0,6868,278.93,868236.48,54916,15.81,0,2.13,14.08,0.15,0.75,0.7,2
FT080,ProTech,15,2023,3,2023-06-14,Rwanda,Digital Banking,8.1,0,0,0,15975.16,-20.64,4037.26,25.27,0,0.0,Series B,0.0,5753,217.41,727309.01,11661,62.37,0,3.13,9.19,0.15,0.75,0.7,3
FT080,ProTech,16,2023,4,2023-09-12,Rwanda,Digital Banking,8.35,0,0,0,21533.15,-2.85,4132.56,19.19,0,2554212.5,Series C,2554212.5,7043,288.59,890297.15,20046,44.41,0,1.74,11.24,0.15,0.75,0.7,0
FT081,Direct,1,2020,1,2020-01-01,Ethiopia,Insurance Tech,2.3,0,0,0,274920.63,0.0,83306.18,30.3,0,0.0,Series A,0.0,93645,21.83,9342132.96,632459,14.77,0,2.62,15.23,0.5,0.55,0.5,1
FT081,Direct,2,2020,2,2020-03-31,Ethiopia,Insurance Tech,2.55,0,0,0,204076.34,-66.94,48886.41,23.95,0,0.0,Series A,0.0,101635,32.22,10139213.35,755912,13.41,0,1.25,14.76,0.5,0.55,0.5,2
FT081,Direct,3,2020,3,2020-06-29,Ethiopia,Insurance Tech,2.8,0,0,0,128374.47,-79.26,25848.09,20.13,0,0.0,Series A,0.0,63753,-17.06,6360136.66,260689,24.4,0,1.37,13.8,0.5,0.55,0.5,3
FT081,Direct,4,2020,4,2020-09-27,Ethiopia,Insurance Tech,3.05,0,0,0,224752.47,-68.93,59706.17,26.57,0,0.0,Series A,0.0,95533,24.29,9530446.08,656640,14.51,0,3.11,7.01,0.5,0.55,0.5,0
FT081,Direct,5,2020,1,2020-12-26,Ethiopia,Insurance Tech,3.3,0,0,0,339375.14,-59.61,85496.1,25.19,0,0.0,Series A,0.0,124177,61.55,12388046.64,481111,25.75,0,1.38,11.22,0.5,0.55,0.5,1
FT081,Direct,6,2021,2,2021-03-26,Ethiopia,Insurance Tech,3.55,0,0,0,350769.12,-54.42,124893.39,35.61,0,0.0,Series A,0.0,140153,82.34,13981817.73,364589,38.35,0,1.97,14.44,0.5,0.55,0.5,2
FT081,Direct,7,2021,3,2021-06-24,Ethiopia,Insurance Tech,3.8,0,0,0,301965.11,-58.28,95421.38,31.6,0,0.0,Series A,0.0,128276,66.88,12796902.15,866388,14.77,0,3.28,13.69,0.5,0.55,0.5,3
FT081,Direct,8,2021,4,2021-09-22,Ethiopia,Insurance Tech,4.05,0,0,0,311597.43,-56.35,127209.2,40.82,0,0.0,Series A,0.0,134195,74.58,13387451.98,783339,17.09,0,2.74,10.96,0.5,0.55,0.5,0
FT081,Direct,9,2021,1,2021-12-21,Ethiopia,Insurance Tech,4.3,0,0,0,472320.46,-43.91,112226.41,23.76,0,0.0,Series A,0.0,172441,124.34,17202859.88,714340,24.08,0,1.96,13.03,0.5,0.55,0.5,1
FT081,Direct,10,2022,2,2022-03-21,Ethiopia,Insurance Tech,4.55,0,0,0,500574.81,-38.94,74526.39,14.89,0,0.0,Series A,0.0,187723,144.22,18727454.38,809132,23.15,0,3.44,9.6,0.5,0.55,0.5,2
FT081,Direct,11,2022,3,2022-06-19,Ethiopia,Insurance Tech,4.8,0,0,0,261029.58,-39.77,78579.04,30.1,0,0.0,Series A,0.0,185174,140.91,18473086.75,572285,32.28,0,1.16,6.06,0.5,0.55,0.5,3
FT081,Direct,12,2022,4,2022-09-17,Ethiopia,Insurance Tech,5.05,0,0,0,257838.74,-34.29,86333.0,33.48,0,0.0,Series A,0.0,202032,162.84,20154915.16,1516616,13.29,0,0.7,6.94,0.5,0.55,0.5,0
FT081,Direct,13,2022,1,2022-12-16,Ethiopia,Insurance Tech,5.3,0,0,0,553534.13,-36.85,96710.35,17.47,0,0.0,Series A,0.0,194150,152.58,19368606.17,963223,20.11,0,2.34,9.93,0.5,0.55,0.5,1
FT081,Direct,14,2023,2,2023-03-16,Ethiopia,Insurance Tech,5.55,0,0,0,535883.24,-22.26,173373.48,32.35,0,0.0,Series A,0.0,239033,210.98,23846157.92,1358250,17.56,0,2.96,10.54,0.5,0.55,0.5,2
FT081,Direct,15,2023,3,2023-06-14,Ethiopia,Insurance Tech,5.8,0,0,0,367245.6,-29.77,152810.17,41.61,0,0.0,Series A,0.0,215927,180.92,21541074.46,505466,42.62,0,1.46,12.18,0.5,0.55,0.5,3
FT081,Direct,16,2023,4,2023-09-12,Ethiopia,Insurance Tech,6.05,0,0,0,423115.39,2.18,84760.06,20.03,0,0.0,Series A,0.0,314172,308.73,31342027.73,767766,40.82,0,2.02,9.83,0.5,0.55,0.5,0
FT082,MoneyAfrica,1,2020,1,2020-01-01,Uganda,Remittance,7.1,0,0,0,157446.28,0.0,30822.6,19.58,0,3698703.85,Seed,3698703.85,16797,25.78,7328056.53,76346,95.98,0,6.04,8.73,0.2,0.6,0.55,1
FT082,MoneyAfrica,2,2020,2,2020-03-31,Uganda,Remittance,7.35,0,0,0,77217.02,-69.14,30433.23,39.41,0,0.0,Series A,0.0,16483,23.43,7191095.56,122517,58.69,0,4.84,8.55,0.2,0.6,0.55,2
FT082,MoneyAfrica,3,2020,3,2020-06-29,Uganda,Remittance,7.6,0,0,0,95914.0,-73.32,20881.1,21.77,0,0.0,Series A,0.0,14254,6.74,6218669.79,64337,96.66,0,8.27,9.87,0.2,0.6,0.55,3
FT082,MoneyAfrica,4,2020,4,2020-09-27,Uganda,Remittance,7.85,0,0,0,114316.91,-68.54,26455.3,23.14,0,0.0,Series A,0.0,16806,25.85,7331819.68,99507,73.68,0,5.18,9.94,0.2,0.6,0.55,0
FT082,MoneyAfrica,5,2020,1,2020-12-26,Uganda,Remittance,8.1,0,0,0,117816.99,-57.15,44123.9,37.45,0,0.0,Series A,0.0,22891,71.41,9986550.79,186542,53.54,0,4.35,7.72,0.2,0.6,0.55,1
FT082,MoneyAfrica,6,2021,2,2021-03-26,Uganda,Remittance,8.35,0,0,0,261043.57,-61.36,58892.74,22.56,0,0.0,Series A,0.0,20640,54.55,9004636.0,120047,75.01,0,17.15,7.35,0.2,0.6,0.55,2
FT082,MoneyAfrica,7,2021,3,2021-06-24,Uganda,Remittance,8.6,0,0,0,145756.63,-65.36,50391.93,34.57,0,0.0,Series A,0.0,18504,38.56,8072890.89,53905,149.76,0,6.39,7.39,0.2,0.6,0.55,3
FT082,MoneyAfrica,8,2021,4,2021-09-22,Uganda,Remittance,8.85,0,0,0,243674.05,-47.37,66202.36,27.17,0,0.0,Series A,0.0,28111,110.5,12264102.56,202060,60.7,0,6.0,14.82,0.2,0.6,0.55,0
FT082,MoneyAfrica,9,2021,1,2021-12-21,Uganda,Remittance,9.1,0,0,0,219924.68,-51.62,59030.84,26.84,0,0.0,Series A,0.0,25845,93.53,11275557.89,109187,103.27,0,9.74,14.45,0.2,0.6,0.55,1
FT082,MoneyAfrica,10,2022,2,2022-03-21,Uganda,Remittance,9.35,0,0,0,213629.62,-44.26,74964.35,35.09,0,0.0,Series A,0.0,29774,122.95,12989235.66,111821,116.16,0,9.43,7.91,0.2,0.6,0.55,2
FT082,MoneyAfrica,11,2022,3,2022-06-19,Uganda,Remittance,9.6,0,0,0,305395.6,-51.75,94528.53,30.95,0,0.0,Series A,0.0,25774,93.0,11244354.76,120622,93.22,0,11.94,15.6,0.2,0.6,0.55,3
FT082,MoneyAfrica,12,2022,4,2022-09-17,Uganda,Remittance,9.85,0,0,0,385369.24,-41.35,99924.7,25.93,0,0.0,Series A,0.0,31330,134.6,13668306.47,220398,62.02,0,13.1,8.91,0.2,0.6,0.55,0
FT082,MoneyAfrica,13,2022,1,2022-12-16,Uganda,Remittance,10.1,0,0,0,220412.13,-14.36,108778.08,49.35,0,1548373.04,Series C,1548373.04,45748,242.57,19958175.68,178239,111.97,0,3.56,8.59,0.2,0.6,0.55,1
FT082,MoneyAfrica,14,2023,2,2023-03-16,Uganda,Remittance,10.35,0,0,0,237191.13,-36.86,86670.43,36.54,0,0.0,Series A,0.0,33727,152.55,14713978.55,267144,55.08,0,8.28,9.48,0.2,0.6,0.55,2
FT082,MoneyAfrica,15,2023,3,2023-06-14,Uganda,Remittance,10.6,0,0,0,433027.75,-20.36,65740.9,15.18,0,0.0,Series A,0.0,42544,218.57,18560371.74,243852,76.11,0,9.46,13.59,0.2,0.6,0.55,3
FT082,MoneyAfrica,16,2023,4,2023-09-12,Uganda,Remittance,10.85,0,0,0,200942.74,-14.74,53254.22,26.5,0,0.0,Series A,0.0,45545,241.05,19869663.3,314682,63.14,0,6.05,8.63,0.2,0.6,0.55,0
FT083,CashDigital,1,2020,1,2020-01-01,Senegal,Crypto Exchange,3.1,0,0,0,36919.4,0.0,3780.67,10.24,0,0.0,Bootstrapped,0.0,19271,6.43,2113389.31,88645,23.84,0,2.35,5.79,0.18,0.65,0.65,1
FT083,CashDigital,2,2020,2,2020-03-31,Senegal,Crypto Exchange,3.35,0,0,0,27841.23,-71.05,3305.59,11.87,0,0.0,Bootstrapped,0.0,20970,15.82,2299658.98,45738,50.28,0,0.88,7.78,0.18,0.65,0.65,2
FT083,CashDigital,3,2020,3,2020-06-29,Senegal,Crypto Exchange,3.6,0,0,0,75539.25,-62.16,19161.52,25.37,0,0.0,Bootstrapped,0.0,27408,51.37,3005645.58,82130,36.6,0,2.58,13.54,0.18,0.65,0.65,3
FT083,CashDigital,4,2020,4,2020-09-27,Senegal,Crypto Exchange,3.85,0,0,0,48309.84,-61.53,11829.44,24.49,0,0.0,Bootstrapped,0.0,27864,53.89,3055721.94,192470,15.88,0,0.94,10.02,0.18,0.65,0.65,0
FT083,CashDigital,5,2020,1,2020-12-26,Senegal,Crypto Exchange,4.1,0,0,0,76267.87,-53.53,27627.98,36.22,0,0.0,Bootstrapped,0.0,33656,85.88,3690854.44,278298,13.26,0,1.34,7.06,0.18,0.65,0.65,1
FT083,CashDigital,6,2021,2,2021-03-26,Senegal,Crypto Exchange,4.35,0,0,0,81052.4,-53.34,15280.04,18.85,0,0.0,Bootstrapped,0.0,33790,86.62,3705582.5,70071,52.88,0,1.35,14.73,0.18,0.65,0.65,2
FT083,CashDigital,7,2021,3,2021-06-24,Senegal,Crypto Exchange,4.6,0,0,0,50924.77,-59.31,7434.47,14.6,0,0.0,Bootstrapped,0.0,29468,62.75,3231522.69,207956,15.54,0,1.84,6.51,0.18,0.65,0.65,3
FT083,CashDigital,8,2021,4,2021-09-22,Senegal,Crypto Exchange,4.85,0,0,0,78539.28,-42.29,14917.03,18.99,0,0.0,Bootstrapped,0.0,41794,130.82,4583311.5,216987,21.12,0,0.97,13.75,0.18,0.65,0.65,0
FT083,CashDigital,9,2021,1,2021-12-21,Senegal,Crypto Exchange,5.1,0,0,0,150735.13,-36.18,53361.76,35.4,0,0.0,Bootstrapped,0.0,46221,155.27,5068724.8,293773,17.25,0,4.32,15.09,0.18,0.65,0.65,1
FT083,CashDigital,10,2022,2,2022-03-21,Senegal,Crypto Exchange,5.35,0,0,0,91717.42,-37.69,18504.66,20.18,0,0.0,Bootstrapped,0.0,45127,149.23,4948742.75,307709,16.08,0,1.46,7.03,0.18,0.65,0.65,2
FT083,CashDigital,11,2022,3,2022-06-19,Senegal,Crypto Exchange,5.6,0,0,0,102362.7,-39.23,29221.86,28.55,0,0.0,Bootstrapped,0.0,44014,143.09,4826699.58,150023,32.17,0,1.45,10.49,0.18,0.65,0.65,3
FT083,CashDigital,12,2022,4,2022-09-17,Senegal,Crypto Exchange,5.85,0,0,0,92214.36,-27.05,28351.36,30.75,0,0.0,Bootstrapped,0.0,52832,191.79,5793717.93,212479,27.27,0,1.08,5.93,0.18,0.65,0.65,0
FT083,CashDigital,13,2022,1,2022-12-16,Senegal,Crypto Exchange,6.1,0,0,0,219006.45,7.72,69742.16,31.84,0,9302292.59,Series C,9302292.59,78014,330.86,8555192.12,561060,15.25,0,3.1,7.38,0.18,0.65,0.65,1
FT083,CashDigital,14,2023,2,2023-03-16,Senegal,Crypto Exchange,6.35,0,0,0,192424.41,-14.39,24505.61,12.74,0,0.0,Bootstrapped,0.0,62006,242.45,6799776.43,466137,14.59,0,2.31,14.09,0.18,0.65,0.65,2
FT083,CashDigital,15,2023,3,2023-06-14,Senegal,Crypto Exchange,6.6,0,0,0,202084.43,-14.01,53879.09,26.66,0,699735.67,Series C,699735.67,62280,243.97,6829850.95,145209,47.03,0,3.13,7.76,0.18,0.65,0.65,3
FT083,CashDigital,16,2023,4,2023-09-12,Senegal,Crypto Exchange,6.85,0,0,0,199483.93,17.86,90162.18,45.2,0,0.0,Bootstrapped,0.0,85357,371.42,9360482.75,524010,17.86,0,1.6,13.57,0.18,0.65,0.65,0
FT084,SwiftExpress,1,2020,1,2020-01-01,South Africa,Payment Gateway,4.6,0,0,0,106642.58,0.0,15268.23,14.32,0,0.0,Series B,0.0,78325,9.94,7209380.77,238968,30.17,0,1.14,8.11,0.8,0.9,0.75,1
FT084,SwiftExpress,2,2020,2,2020-03-31,South Africa,Payment Gateway,4.85,0,0,0,192357.16,-69.99,52900.39,27.5,0,7096380.95,Seed,7096380.95,85518,20.04,7871533.53,452812,17.38,0,3.0,14.14,0.8,0.9,0.75,2
FT084,SwiftExpress,3,2020,3,2020-06-29,South Africa,Payment Gateway,5.1,0,0,0,227050.69,-69.39,31107.33,13.7,0,0.0,Series B,0.0,87237,22.45,8029718.29,397750,20.19,0,1.81,11.01,0.8,0.9,0.75,3
FT084,SwiftExpress,4,2020,4,2020-09-27,South Africa,Payment Gateway,5.35,0,0,0,265165.92,-63.31,113609.19,42.84,0,0.0,Series B,0.0,104548,46.75,9623092.55,493266,19.51,0,1.51,8.62,0.8,0.9,0.75,0
FT084,SwiftExpress,5,2020,1,2020-12-26,South Africa,Payment Gateway,5.6,0,0,0,360758.19,-49.46,81923.57,22.71,0,0.0,Series B,0.0,144031,102.17,13257276.08,467189,28.38,0,1.94,6.74,0.8,0.9,0.75,1
FT084,SwiftExpress,6,2021,2,2021-03-26,South Africa,Payment Gateway,5.85,0,0,0,202970.98,-62.51,81233.68,40.02,0,0.0,Series B,0.0,106822,49.94,9832364.95,216044,45.51,0,1.47,7.09,0.8,0.9,0.75,2
FT084,SwiftExpress,7,2021,3,2021-06-24,South Africa,Payment Gateway,6.1,0,0,0,177883.6,-58.49,62816.43,35.31,0,0.0,Series B,0.0,118281,66.03,10887118.58,812398,13.4,0,1.92,10.8,0.8,0.9,0.75,3
FT084,SwiftExpress,8,2021,4,2021-09-22,South Africa,Payment Gateway,6.35,0,0,0,275367.31,-43.48,65054.55,23.62,0,0.0,Series B,0.0,161059,126.07,14824597.31,1218864,12.16,0,2.5,8.71,0.8,0.9,0.75,0
FT084,SwiftExpress,9,2021,1,2021-12-21,South Africa,Payment Gateway,6.6,0,0,0,469404.48,-33.06,211667.57,45.09,0,0.0,Series B,0.0,190757,167.76,17558192.3,511172,34.35,0,2.65,14.23,0.8,0.9,0.75,1
FT084,SwiftExpress,10,2022,2,2022-03-21,South Africa,Payment Gateway,6.85,0,0,0,273360.38,-44.54,92419.73,33.81,0,0.0,Series B,0.0,158057,121.86,14548299.99,1240029,11.73,0,1.64,8.5,0.8,0.9,0.75,2
FT084,SwiftExpress,11,2022,3,2022-06-19,South Africa,Payment Gateway,7.1,0,0,0,269938.82,-50.71,58285.64,21.59,0,0.0,Series B,0.0,140469,97.17,12929420.95,827062,15.63,0,2.6,11.1,0.8,0.9,0.75,3
FT084,SwiftExpress,12,2022,4,2022-09-17,South Africa,Payment Gateway,7.35,0,0,0,451407.64,-23.41,117174.38,25.96,0,0.0,Series B,0.0,218255,206.35,20089208.04,707374,28.4,0,2.54,6.25,0.8,0.9,0.75,0
FT084,SwiftExpress,13,2022,1,2022-12-16,South Africa,Payment Gateway,7.6,0,0,0,325778.1,-5.9,123301.81,37.85,0,0.0,Series B,0.0,268157,276.4,24682373.29,2020787,12.21,0,1.53,13.12,0.8,0.9,0.75,1
FT084,SwiftExpress,14,2023,2,2023-03-16,South Africa,Payment Gateway,7.85,0,0,0,629525.44,-8.45,244135.17,38.78,0,0.0,Series B,0.0,260881,266.19,24012648.05,1319860,18.19,0,3.5,13.58,0.8,0.9,0.75,2
FT084,SwiftExpress,15,2023,3,2023-06-14,South Africa,Payment Gateway,8.1,0,0,0,524122.3,7.62,124884.12,23.83,0,0.0,Series B,0.0,306688,330.48,28228920.66,2093156,13.49,0,1.41,10.12,0.8,0.9,0.75,3
FT084,SwiftExpress,16,2023,4,2023-09-12,South Africa,Payment Gateway,8.35,0,0,0,414547.47,21.74,94340.08,22.76,0,0.0,Series B,0.0,346927,386.97,31932693.75,1557864,20.5,0,0.82,11.0,0.8,0.9,0.75,0
FT085,HubTech,1,2020,1,2020-01-01,Tanzania,Payment Gateway,7.6,0,0,0,28829.55,0.0,12320.34,42.74,0,0.0,Bootstrapped,0.0,5146,41.44,2027285.4,13077,155.03,0,5.97,12.57,0.25,0.6,0.6,1
FT085,HubTech,2,2020,2,2020-03-31,Tanzania,Payment Gateway,7.85,0,0,0,29212.77,-67.04,12377.06,42.37,0,0.0,Bootstrapped,0.0,4796,31.82,1889500.93,25397,74.4,0,6.8,7.76,0.25,0.6,0.6,2
FT085,HubTech,3,2020,3,2020-06-29,Tanzania,Payment Gateway,8.1,0,0,0,38920.33,-70.72,14253.87,36.62,0,0.0,Bootstrapped,0.0,4261,17.12,1678470.02,24759,67.79,0,11.85,9.06,0.25,0.6,0.6,3
FT085,HubTech,4,2020,4,2020-09-27,Tanzania,Payment Gateway,8.35,0,0,0,49329.62,-65.82,17525.5,35.53,0,0.0,Bootstrapped,0.0,4973,36.69,1959185.36,35235,55.6,0,6.06,13.82,0.25,0.6,0.6,0
FT085,HubTech,5,2020,1,2020-12-26,Tanzania,Payment Gateway,8.6,0,0,0,29539.14,-55.32,7236.51,24.5,0,0.0,Bootstrapped,0.0,6502,78.72,2561405.42,57029,44.91,0,5.72,9.6,0.25,0.6,0.6,1
FT085,HubTech,6,2021,2,2021-03-26,Tanzania,Payment Gateway,8.85,0,0,0,48411.57,-61.44,11604.37,23.97,0,0.0,Bootstrapped,0.0,5612,54.25,2210637.87,26506,83.4,0,6.64,16.83,0.25,0.6,0.6,2
FT085,HubTech,7,2021,3,2021-06-24,Tanzania,Payment Gateway,9.1,0,0,0,33857.09,-61.77,14303.08,42.25,0,0.0,Bootstrapped,0.0,5563,52.91,2191309.22,28439,77.05,0,5.16,14.27,0.25,0.6,0.6,3
FT085,HubTech,8,2021,4,2021-09-22,Tanzania,Payment Gateway,9.35,0,0,0,39968.59,-42.14,8364.59,20.93,0,0.0,Bootstrapped,0.0,8419,131.41,3316430.09,47549,69.75,0,5.56,7.63,0.25,0.6,0.6,0
FT085,HubTech,9,2021,1,2021-12-21,Tanzania,Payment Gateway,9.6,0,0,0,41281.45,-30.07,17494.52,42.38,0,0.0,Bootstrapped,0.0,10176,179.7,4008605.88,24285,165.07,0,4.01,7.21,0.25,0.6,0.6,1
FT085,HubTech,10,2022,2,2022-03-21,Tanzania,Payment Gateway,9.85,0,0,0,68620.03,-45.4,30081.32,43.84,0,0.0,Bootstrapped,0.0,7946,118.41,3130081.43,47996,65.22,0,7.7,7.39,0.25,0.6,0.6,2
FT085,HubTech,11,2022,3,2022-06-19,Tanzania,Payment Gateway,10.1,0,0,0,53302.73,-36.41,16440.12,30.84,0,0.0,Bootstrapped,0.0,9253,154.33,3645000.22,43998,82.84,0,7.22,11.91,0.25,0.6,0.6,3
FT085,HubTech,12,2022,4,2022-09-17,Tanzania,Payment Gateway,10.35,0,0,0,56983.02,-42.54,18021.89,31.63,0,0.0,Bootstrapped,0.0,8361,129.81,3293620.81,34896,94.38,0,7.94,13.35,0.25,0.6,0.6,0
FT085,HubTech,13,2022,1,2022-12-16,Tanzania,Payment Gateway,10.6,0,0,0,56033.46,-19.32,14924.66,26.64,0,0.0,Bootstrapped,0.0,11741,222.72,4624910.44,63395,72.95,0,4.36,6.47,0.25,0.6,0.6,1
FT085,HubTech,14,2023,2,2023-03-16,Tanzania,Payment Gateway,10.85,0,0,0,103764.56,-24.75,28549.65,27.51,0,0.0,Bootstrapped,0.0,10950,200.98,4313276.39,68817,62.68,0,10.36,8.29,0.25,0.6,0.6,2
FT085,HubTech,15,2023,3,2023-06-14,Tanzania,Payment Gateway,11.1,0,0,0,84889.58,-22.03,26022.04,30.65,0,0.0,Bootstrapped,0.0,11346,211.86,4469378.79,39489,113.18,0,8.82,9.22,0.25,0.6,0.6,3
FT085,HubTech,16,2023,4,2023-09-12,Tanzania,Payment Gateway,11.35,0,0,0,71375.43,-1.25,23824.58,33.38,0,9033123.43,Series C,9033123.43,14370,294.98,5660641.85,97069,58.32,0,5.37,9.63,0.25,0.6,0.6,0
FT086,Smart,1,2020,1,2020-01-01,Uganda,Remittance,3.6,0,0,0,96006.97,0.0,30069.16,31.32,0,0.0,Seed,0.0,12909,19.1,4229290.41,112169,37.7,0,4.47,11.02,0.2,0.6,0.55,1
FT086,Smart,2,2020,2,2020-03-31,Uganda,Remittance,3.85,0,0,0,45382.25,-72.14,16509.22,36.38,0,0.0,Seed,0.0,12080,11.45,3957564.67,29615,133.63,0,3.7,11.11,0.2,0.6,0.55,2
FT086,Smart,3,2020,3,2020-06-29,Uganda,Remittance,4.1,0,0,0,84623.82,-73.28,23889.27,28.23,0,0.0,Seed,0.0,11584,6.88,3795014.08,37820,100.34,0,7.11,19.53,0.2,0.6,0.55,3
FT086,Smart,4,2020,4,2020-09-27,Uganda,Remittance,4.35,0,0,0,113064.61,-71.53,26553.15,23.48,0,0.0,Seed,0.0,12341,13.86,4043135.93,81831,49.41,0,5.07,18.03,0.2,0.6,0.55,0
FT086,Smart,5,2020,1,2020-12-26,Uganda,Remittance,4.6,0,0,0,117575.56,-64.56,22229.01,18.91,0,0.0,Seed,0.0,15365,41.76,5033802.66,132177,38.08,0,9.93,14.58,0.2,0.6,0.55,1
FT086,Smart,6,2021,2,2021-03-26,Uganda,Remittance,4.85,0,0,0,101897.37,-66.19,23294.52,22.86,0,0.0,Seed,0.0,14656,35.22,4801451.29,56971,84.28,0,6.33,16.8,0.2,0.6,0.55,2
FT086,Smart,7,2021,3,2021-06-24,Uganda,Remittance,5.1,0,0,0,51252.99,-66.55,15643.55,30.52,0,0.0,Seed,0.0,14502,33.8,4751012.84,55189,86.09,0,5.03,7.68,0.2,0.6,0.55,3
FT086,Smart,8,2021,4,2021-09-22,Uganda,Remittance,5.35,0,0,0,102779.06,-70.03,36579.84,35.59,0,0.0,Seed,0.0,12994,19.89,4257139.59,98495,43.22,0,8.71,15.58,0.2,0.6,0.55,0
FT086,Smart,9,2021,1,2021-12-21,Uganda,Remittance,5.6,0,0,0,52946.17,-73.89,18958.12,35.81,0,0.0,Seed,0.0,11319,4.43,3708115.29,98850,37.51,0,5.91,10.54,0.2,0.6,0.55,1
FT086,Smart,10,2022,2,2022-03-21,Uganda,Remittance,5.85,0,0,0,18859.15,-87.02,6269.58,33.24,0,0.0,Seed,0.0,5628,-48.07,1843757.1,14004,131.66,0,3.25,10.06,0.2,0.6,0.55,2
FT086,Smart,11,2022,3,2022-06-19,Uganda,Remittance,6.1,1,1,1,45.07,-99.97,10.57,23.46,0,0.0,Seed,0.0,1000,-90.77,3782.72,5035,0.75,0,0.04,57.31,0.2,0.6,0.55,3
FT086,Smart,12,2022,4,2022-09-17,Uganda,Remittance,6.35,1,1,0,94.54,-99.98,30.4,32.16,0,0.0,Seed,0.0,1000,-90.77,3240.65,5030,0.64,0,0.11,39.42,0.2,0.6,0.55,0
FT086,Smart,13,2022,1,2022-12-16,Uganda,Remittance,6.6,1,1,0,22.17,-99.98,4.87,21.96,0,0.0,Seed,0.0,1000,-90.77,2181.07,3441,0.63,0,0.01,36.03,0.2,0.6,0.55,1
FT086,Smart,14,2023,2,2023-03-16,Uganda,Remittance,6.85,1,1,0,15.23,-99.99,4.24,27.87,0,0.0,Seed,0.0,1000,-90.77,1243.28,6702,0.19,0,0.02,58.7,0.2,0.6,0.55,2
FT086,Smart,15,2023,3,2023-06-14,Uganda,Remittance,7.1,1,1,0,24.2,-99.99,8.88,36.7,0,0.0,Seed,0.0,1000,-90.77,1043.28,2610,0.4,0,0.02,34.68,0.2,0.6,0.55,3
FT086,Smart,16,2023,4,2023-09-12,Uganda,Remittance,7.35,1,1,0,9.83,-100.0,1.94,19.78,0,0.0,Seed,0.0,1000,-90.77,708.18,2385,0.3,0,0.01,36.35,0.2,0.6,0.55,0
FT087,ProTech,1,2020,1,2020-01-01,Senegal,Payment Gateway,2.9,0,0,0,99510.08,0.0,36641.57,36.82,0,0.0,Bootstrapped,0.0,38056,34.67,4391028.38,168450,26.07,0,3.48,10.98,0.18,0.65,0.65,1
FT087,ProTech,2,2020,2,2020-03-31,Senegal,Payment Gateway,3.15,0,0,0,96731.51,-72.34,39722.74,41.06,0,0.0,Bootstrapped,0.0,31261,10.63,3606991.88,115331,31.28,0,2.43,18.12,0.18,0.65,0.65,2
FT087,ProTech,3,2020,3,2020-06-29,Senegal,Payment Gateway,3.4,0,0,0,58548.07,-72.39,16687.17,28.5,0,0.0,Bootstrapped,0.0,31209,10.44,3600983.46,207998,17.31,0,1.79,9.06,0.18,0.65,0.65,3
FT087,ProTech,4,2020,4,2020-09-27,Senegal,Payment Gateway,3.65,0,0,0,93414.25,-62.36,23926.66,25.61,0,0.0,Bootstrapped,0.0,42551,50.58,4909634.69,278039,17.66,0,3.16,14.93,0.18,0.65,0.65,0
FT087,ProTech,5,2020,1,2020-12-26,Senegal,Payment Gateway,3.9,0,0,0,108261.14,-62.27,39151.84,36.16,0,0.0,Bootstrapped,0.0,42644,50.91,4920406.62,195172,25.21,0,3.16,13.19,0.18,0.65,0.65,1
FT087,ProTech,6,2021,2,2021-03-26,Senegal,Payment Gateway,4.15,0,0,0,73203.65,-63.5,20930.26,28.59,0,2563945.3,Series A,2563945.3,41262,46.02,4760921.34,184332,25.83,0,2.61,18.98,0.18,0.65,0.65,2
FT087,ProTech,7,2021,3,2021-06-24,Senegal,Payment Gateway,4.4,0,0,0,142924.17,-62.78,64489.96,45.12,0,0.0,Bootstrapped,0.0,42074,48.89,4854622.52,124345,39.04,0,3.65,16.44,0.18,0.65,0.65,3
FT087,ProTech,8,2021,4,2021-09-22,Senegal,Payment Gateway,4.65,0,0,0,161772.11,-58.03,61962.97,38.3,0,0.0,Bootstrapped,0.0,47434,67.86,5473054.75,199222,27.47,0,4.02,17.1,0.18,0.65,0.65,0
FT087,ProTech,9,2021,1,2021-12-21,Senegal,Payment Gateway,4.9,0,0,0,174547.52,-41.6,51141.53,29.3,0,0.0,Bootstrapped,0.0,66007,133.58,7616065.97,261683,29.1,0,2.81,9.65,0.18,0.65,0.65,1
FT087,ProTech,10,2022,2,2022-03-21,Senegal,Payment Gateway,5.15,0,0,0,105631.11,-58.82,41973.83,39.74,0,0.0,Bootstrapped,0.0,46549,64.73,5370958.98,359792,14.93,0,3.02,14.3,0.18,0.65,0.65,2
FT087,ProTech,11,2022,3,2022-06-19,Senegal,Payment Gateway,5.4,0,0,0,57090.1,-56.75,11347.58,19.88,0,0.0,Bootstrapped,0.0,48884,72.99,5640338.45,119968,47.02,0,0.94,17.67,0.18,0.65,0.65,3
FT087,ProTech,12,2022,4,2022-09-17,Senegal,Payment Gateway,5.65,0,0,0,70996.78,-47.19,19632.21,27.65,0,0.0,Bootstrapped,0.0,59691,111.23,6887338.73,399352,17.25,0,0.86,12.43,0.18,0.65,0.65,0
FT087,ProTech,13,2022,1,2022-12-16,Senegal,Payment Gateway,5.9,0,0,0,165504.9,-49.73,24233.18,14.64,0,0.0,Bootstrapped,0.0,56820,101.07,6556047.59,189587,34.58,0,2.17,9.21,0.18,0.65,0.65,1
FT087,ProTech,14,2023,2,2023-03-16,Senegal,Payment Gateway,6.15,0,0,0,150569.22,-45.09,35808.28,23.78,0,0.0,Bootstrapped,0.0,62062,119.62,7160888.41,175025,40.91,0,1.92,10.66,0.18,0.65,0.65,2
FT087,ProTech,15,2023,3,2023-06-14,Senegal,Payment Gateway,6.4,0,0,0,113294.05,-50.32,48480.86,42.79,0,0.0,Bootstrapped,0.0,56151,98.71,6478861.32,165542,39.14,0,2.73,9.24,0.18,0.65,0.65,3
FT087,ProTech,16,2023,4,2023-09-12,Senegal,Payment Gateway,6.65,0,0,0,241531.01,-25.25,91541.99,37.9,0,0.0,Bootstrapped,0.0,84488,198.98,9748371.87,201810,48.3,0,2.08,16.59,0.18,0.65,0.65,0
FT088,Smart,1,2020,1,2020-01-01,Rwanda,Crypto Exchange,1.1,0,0,0,113674.92,0.0,29607.99,26.05,0,0.0,Bootstrapped,0.0,26601,8.91,3809042.97,71544,53.24,0,5.73,14.99,0.15,0.75,0.7,1
FT088,Smart,2,2020,2,2020-03-31,Rwanda,Crypto Exchange,1.35,0,0,0,54177.07,-71.81,15920.86,29.39,0,0.0,Bootstrapped,0.0,27545,12.77,3944121.14,57823,68.21,0,2.29,16.7,0.15,0.75,0.7,2
FT088,Smart,3,2020,3,2020-06-29,Rwanda,Crypto Exchange,1.6,0,0,0,123631.9,-70.34,45149.66,36.52,0,0.0,Bootstrapped,0.0,28982,18.66,4149933.41,102460,40.5,0,3.98,11.1,0.15,0.75,0.7,3
FT088,Smart,4,2020,4,2020-09-27,Rwanda,Crypto Exchange,1.85,0,0,0,86260.21,-66.68,31767.71,36.83,0,0.0,Bootstrapped,0.0,32552,33.27,4661161.1,257751,18.08,0,3.04,10.37,0.15,0.75,0.7,0
FT088,Smart,5,2020,1,2020-12-26,Rwanda,Crypto Exchange,2.1,0,0,0,57714.74,-58.84,19563.96,33.9,0,0.0,Bootstrapped,0.0,40210,64.62,5757613.9,91821,62.7,0,1.66,6.35,0.15,0.75,0.7,1
FT088,Smart,6,2021,2,2021-03-26,Rwanda,Crypto Exchange,2.35,0,0,0,57209.63,-68.52,14394.61,25.16,0,0.0,Bootstrapped,0.0,30760,25.94,4404589.98,119362,36.9,0,1.4,6.76,0.15,0.75,0.7,2
FT088,Smart,7,2021,3,2021-06-24,Rwanda,Crypto Exchange,2.6,0,0,0,46722.02,-76.73,20019.17,42.85,0,0.0,Bootstrapped,0.0,22731,-6.94,3254851.21,157015,20.73,0,2.43,13.11,0.15,0.75,0.7,3
FT088,Smart,8,2021,4,2021-09-22,Rwanda,Crypto Exchange,2.85,0,0,0,48160.41,-82.55,19997.53,41.52,0,0.0,Bootstrapped,0.0,17048,-30.2,2441157.22,122179,19.98,0,3.14,11.82,0.15,0.75,0.7,0
FT088,Smart,9,2021,1,2021-12-21,Rwanda,Crypto Exchange,3.1,1,1,0,223.8,-99.93,65.92,29.45,0,0.0,Bootstrapped,0.0,1000,-95.91,10303.86,8016,1.29,0,0.31,53.37,0.15,0.75,0.7,1
FT088,Smart,10,2022,2,2022-03-21,Rwanda,Crypto Exchange,3.35,1,1,0,146.34,-99.95,41.05,28.05,0,0.0,Bootstrapped,0.0,1000,-95.91,6765.78,2357,2.87,0,0.09,47.83,0.15,0.75,0.7,2
FT088,Smart,11,2022,3,2022-06-19,Rwanda,Crypto Exchange,3.6,1,1,1,45.1,-99.97,7.06,15.66,0,0.0,Bootstrapped,0.0,1000,-95.91,3751.8,3894,0.96,0,0.06,37.91,0.15,0.75,0.7,3
FT088,Smart,12,2022,4,2022-09-17,Rwanda,Crypto Exchange,3.85,1,1,1,79.73,-99.98,14.38,18.03,0,0.0,Bootstrapped,0.0,1000,-95.91,2753.23,6590,0.42,0,0.07,32.26,0.15,0.75,0.7,0
FT088,Smart,13,2022,1,2022-12-16,Rwanda,Crypto Exchange,4.1,1,1,0,44.62,-99.98,15.59,34.93,0,0.0,Bootstrapped,0.0,1000,-95.91,2109.57,5844,0.36,0,0.04,43.53,0.15,0.75,0.7,1
FT088,Smart,14,2023,2,2023-03-16,Rwanda,Crypto Exchange,4.35,1,1,0,45.89,-99.99,12.3,26.79,0,0.0,Bootstrapped,0.0,1000,-95.91,1679.61,7373,0.23,0,0.03,57.28,0.15,0.75,0.7,2
FT088,Smart,15,2023,3,2023-06-14,Rwanda,Crypto Exchange,4.6,1,1,0,25.34,-99.99,6.88,27.15,0,0.0,Bootstrapped,0.0,1000,-95.91,931.76,5771,0.16,0,0.02,57.44,0.15,0.75,0.7,3
FT088,Smart,16,2023,4,2023-09-12,Rwanda,Crypto Exchange,4.85,1,1,0,12.38,-100.0,5.96,48.14,0,0.0,Bootstrapped,0.0,1000,-95.91,625.23,6429,0.1,0,0.02,51.66,0.15,0.75,0.7,0
FT089,FlashLink,1,2020,1,2020-01-01,Rwanda,Remittance,6.2,0,0,0,211267.62,0.0,73671.66,34.87,0,0.0,Series A,0.0,18348,38.59,7080362.38,132883,53.28,0,8.11,13.98,0.15,0.75,0.7,1
FT089,FlashLink,2,2020,2,2020-03-31,Rwanda,Remittance,6.45,0,0,0,96873.51,-73.5,39428.61,40.7,0,0.0,Series A,0.0,14030,5.97,5414317.9,105256,51.44,0,5.46,8.6,0.15,0.75,0.7,2
FT089,FlashLink,3,2020,3,2020-06-29,Rwanda,Remittance,6.7,0,0,0,145816.39,-67.66,34298.21,23.52,0,0.0,Series A,0.0,17124,29.34,6608243.84,55441,119.19,0,7.21,15.65,0.15,0.75,0.7,3
FT089,FlashLink,4,2020,4,2020-09-27,Rwanda,Remittance,6.95,0,0,0,116015.77,-65.44,53951.35,46.5,0,0.0,Series A,0.0,18304,38.26,7063320.24,119903,58.91,0,6.86,6.46,0.15,0.75,0.7,0
FT089,FlashLink,5,2020,1,2020-12-26,Rwanda,Remittance,7.2,0,0,0,232769.85,-54.92,70236.25,30.17,0,0.0,Series A,0.0,23874,80.33,9212711.25,98902,93.15,0,12.17,10.52,0.15,0.75,0.7,1
FT089,FlashLink,6,2021,2,2021-03-26,Rwanda,Remittance,7.45,0,0,0,152167.89,-63.54,28576.69,18.78,0,0.0,Series A,0.0,19305,45.82,7449928.71,62983,118.28,0,9.32,10.87,0.15,0.75,0.7,2
FT089,FlashLink,7,2021,3,2021-06-24,Rwanda,Remittance,7.7,0,0,0,237882.93,-55.7,55320.68,23.26,0,0.0,Series A,0.0,23457,77.18,9051972.39,107449,84.24,0,13.55,16.83,0.15,0.75,0.7,3
FT089,FlashLink,8,2021,4,2021-09-22,Rwanda,Remittance,7.95,0,0,0,197057.36,-51.21,58588.62,29.73,0,0.0,Series A,0.0,25836,95.15,9970104.96,72903,136.76,0,4.89,16.14,0.15,0.75,0.7,0
FT089,FlashLink,9,2021,1,2021-12-21,Rwanda,Remittance,8.2,0,0,0,194224.91,-42.63,84454.68,43.48,0,0.0,Series A,0.0,30383,129.49,11724701.54,158479,73.98,0,6.71,7.29,0.15,0.75,0.7,1
FT089,FlashLink,10,2022,2,2022-03-21,Rwanda,Remittance,8.45,0,0,0,118562.09,-49.31,24764.08,20.89,0,0.0,Series A,0.0,26842,102.75,10358194.94,71834,144.2,0,4.68,6.85,0.15,0.75,0.7,2
FT089,FlashLink,11,2022,3,2022-06-19,Rwanda,Remittance,8.7,0,0,0,295367.42,-45.6,95949.1,32.48,0,0.0,Series A,0.0,28806,117.58,11116253.17,178074,62.42,0,8.48,13.22,0.15,0.75,0.7,3
FT089,FlashLink,12,2022,4,2022-09-17,Rwanda,Remittance,8.95,0,0,0,197586.56,-36.27,71087.26,35.98,0,0.0,Series A,0.0,33746,154.9,13022415.32,102450,127.11,0,8.33,14.63,0.15,0.75,0.7,0
FT089,FlashLink,13,2022,1,2022-12-16,Rwanda,Remittance,9.2,0,0,0,226332.81,-19.34,61415.57,27.14,0,0.0,Series A,0.0,42714,222.64,16483012.18,231529,71.19,0,6.62,7.92,0.15,0.75,0.7,1
FT089,FlashLink,14,2023,2,2023-03-16,Rwanda,Remittance,9.45,0,0,0,184931.69,-14.35,80990.04,43.79,0,0.0,Series A,0.0,45357,242.6,17503025.25,191922,91.2,0,4.72,15.67,0.15,0.75,0.7,2
FT089,FlashLink,15,2023,3,2023-06-14,Rwanda,Remittance,9.7,0,0,0,260066.73,-22.91,89915.67,34.57,0,0.0,Series A,0.0,40825,208.37,15754164.72,120518,130.72,0,7.09,14.78,0.15,0.75,0.7,3
FT089,FlashLink,16,2023,4,2023-09-12,Rwanda,Remittance,9.95,0,0,0,378124.71,-17.95,95717.38,25.31,0,0.0,Series A,0.0,43448,228.18,16766341.55,229154,73.17,0,10.6,13.02,0.15,0.75,0.7,0
FT090,EasyDigital,1,2020,1,2020-01-01,Nigeria,Remittance,5.4,0,0,0,249510.0,0.0,62693.15,25.13,0,0.0,Seed,0.0,39943,-9.06,8758239.61,134872,64.94,0,8.73,6.73,1.0,0.7,0.6,1
FT090,EasyDigital,2,2020,2,2020-03-31,Nigeria,Remittance,5.65,0,0,0,217674.6,-72.9,72474.09,33.29,0,0.0,Seed,0.0,47604,8.38,10438013.74,166720,62.61,0,4.37,9.09,1.0,0.7,0.6,2
FT090,EasyDigital,3,2020,3,2020-06-29,Nigeria,Remittance,5.9,0,0,0,303835.84,-72.9,68905.99,22.68,0,0.0,Seed,0.0,47604,8.38,10438122.89,289170,36.1,0,6.26,12.43,1.0,0.7,0.6,3
FT090,EasyDigital,4,2020,4,2020-09-27,Nigeria,Remittance,6.15,0,0,0,278397.74,-65.87,97199.24,34.91,0,0.0,Seed,0.0,59962,36.52,13147803.36,276419,47.56,0,6.12,14.02,1.0,0.7,0.6,0
FT090,EasyDigital,5,2020,1,2020-12-26,Nigeria,Remittance,6.4,0,0,0,340127.46,-59.74,110212.18,32.4,0,0.0,Seed,0.0,70723,61.02,15507384.34,380252,40.78,0,2.67,5.32,1.0,0.7,0.6,1
FT090,EasyDigital,6,2021,2,2021-03-26,Nigeria,Remittance,6.65,0,0,0,383440.93,-61.49,85246.78,22.23,0,0.0,Seed,0.0,67662,54.05,14836166.57,176388,84.11,0,3.67,11.12,1.0,0.7,0.6,2
FT090,EasyDigital,7,2021,3,2021-06-24,Nigeria,Remittance,6.9,0,0,0,236869.0,-55.81,81100.81,34.24,0,0.0,Seed,0.0,77639,76.77,17023824.86,531019,32.06,0,1.86,9.02,1.0,0.7,0.6,3
FT090,EasyDigital,8,2021,4,2021-09-22,Nigeria,Remittance,7.15,0,0,0,314437.78,-53.27,112058.46,35.64,0,0.0,Seed,0.0,82104,86.93,18002747.13,249696,72.1,0,5.43,9.53,1.0,0.7,0.6,0
FT090,EasyDigital,9,2021,1,2021-12-21,Nigeria,Remittance,7.4,0,0,0,487149.23,-41.0,184663.88,37.91,0,0.0,Seed,0.0,103660,136.01,22729151.32,812321,27.98,0,3.66,15.28,1.0,0.7,0.6,1
FT090,EasyDigital,10,2022,2,2022-03-21,Nigeria,Remittance,7.65,0,0,0,258596.74,-42.52,90937.52,35.17,0,0.0,Seed,0.0,100990,129.93,22143826.98,737673,30.02,0,3.53,10.88,1.0,0.7,0.6,2
FT090,EasyDigital,11,2022,3,2022-06-19,Nigeria,Remittance,7.9,0,0,0,476786.03,-44.97,173020.9,36.29,0,0.0,Seed,0.0,96684,120.13,21199572.94,591875,35.82,0,7.2,10.8,1.0,0.7,0.6,3
FT090,EasyDigital,12,2022,4,2022-09-17,Nigeria,Remittance,8.15,0,0,0,555610.41,-29.4,153448.77,27.62,0,0.0,Seed,0.0,124040,182.41,27197886.28,546296,49.79,0,4.86,12.33,1.0,0.7,0.6,0
FT090,EasyDigital,13,2022,1,2022-12-16,Nigeria,Remittance,8.4,0,0,0,428211.21,-3.4,94775.09,22.13,0,0.0,Seed,0.0,169715,286.41,37212789.26,789132,47.16,0,2.94,11.08,1.0,0.7,0.6,1
FT090,EasyDigital,14,2023,2,2023-03-16,Nigeria,Remittance,8.65,0,0,0,906129.31,-6.3,207190.53,22.87,0,0.0,Seed,0.0,164624,274.82,36096654.77,531989,67.85,0,3.38,6.18,1.0,0.7,0.6,2
FT090,EasyDigital,15,2023,3,2023-06-14,Nigeria,Remittance,8.9,0,0,0,770069.59,-22.13,203672.26,26.45,0,0.0,Seed,0.0,136801,211.47,29995946.62,950732,31.55,0,8.32,9.26,1.0,0.7,0.6,3
FT090,EasyDigital,16,2023,4,2023-09-12,Nigeria,Remittance,9.15,0,0,0,742330.46,-3.05,109673.53,14.77,0,8919809.58,Series C,8919809.58,170332,287.81,37348122.7,449941,83.01,0,3.36,5.7,1.0,0.7,0.6,0
FT091,ProDigital,1,2020,1,2020-01-01,Senegal,Investment Platform,3.9,0,0,0,480659.69,0.0,101625.6,21.14,0,0.0,Series B,0.0,42584,38.28,18683671.09,322215,57.99,0,16.89,6.47,0.18,0.65,0.65,1
FT091,ProDigital,2,2020,2,2020-03-31,Senegal,Investment Platform,4.15,0,0,0,386621.07,-64.22,115936.94,29.99,0,0.0,Series B,0.0,44068,43.1,19334490.15,312762,61.82,0,8.83,14.39,0.18,0.65,0.65,2
FT091,ProDigital,3,2020,3,2020-06-29,Senegal,Investment Platform,4.4,0,0,0,287761.12,-71.33,97901.84,34.02,0,0.0,Series B,0.0,35316,14.68,15494956.12,242733,63.84,0,9.22,13.66,0.18,0.65,0.65,3
FT091,ProDigital,4,2020,4,2020-09-27,Senegal,Investment Platform,4.65,0,0,0,444022.61,-68.82,144555.9,32.56,0,0.0,Series B,0.0,38408,24.72,16851196.86,181002,93.1,0,14.08,11.11,0.18,0.65,0.65,0
FT091,ProDigital,5,2020,1,2020-12-26,Senegal,Investment Platform,4.9,0,0,0,220828.09,-60.58,65319.88,29.58,0,0.0,Series B,0.0,48550,57.66,21301115.48,322594,66.03,0,4.68,7.52,0.18,0.65,0.65,1
FT091,ProDigital,6,2021,2,2021-03-26,Senegal,Investment Platform,5.15,0,0,0,249152.72,-60.62,60105.37,24.12,0,0.0,Series B,0.0,48506,57.52,21281688.43,354424,60.05,0,4.07,9.67,0.18,0.65,0.65,2
FT091,ProDigital,7,2021,3,2021-06-24,Senegal,Investment Platform,5.4,0,0,0,227729.55,-58.15,75083.79,32.97,0,0.0,Series B,0.0,51544,67.38,22614442.67,370615,61.02,0,2.48,7.74,0.18,0.65,0.65,3
FT091,ProDigital,8,2021,4,2021-09-22,Senegal,Investment Platform,5.65,0,0,0,752857.89,-43.4,246642.76,32.76,0,0.0,Series B,0.0,69722,126.41,30589896.22,317695,96.29,0,15.4,13.81,0.18,0.65,0.65,0
FT091,ProDigital,9,2021,1,2021-12-21,Senegal,Investment Platform,5.9,0,0,0,444382.68,-38.49,141171.95,31.77,0,0.0,Series B,0.0,75766,146.04,33241876.1,184267,180.4,0,3.48,14.92,0.18,0.65,0.65,1
FT091,ProDigital,10,2022,2,2022-03-21,Senegal,Investment Platform,6.15,0,0,0,979332.02,-35.65,303396.22,30.98,0,0.0,Series B,0.0,79259,157.38,34774154.0,322089,107.96,0,6.48,14.79,0.18,0.65,0.65,2
FT091,ProDigital,11,2022,3,2022-06-19,Senegal,Investment Platform,6.4,0,0,0,549876.63,-42.42,95332.84,17.34,0,0.0,Series B,0.0,70927,130.32,31118903.02,169905,183.15,0,6.72,5.7,0.18,0.65,0.65,3
FT091,ProDigital,12,2022,4,2022-09-17,Senegal,Investment Platform,6.65,0,0,0,428259.46,-23.39,101383.65,23.67,0,7046993.7,Series C,7046993.7,94369,206.45,41403888.35,740410,55.92,0,6.72,15.39,0.18,0.65,0.65,0
FT091,ProDigital,13,2022,1,2022-12-16,Senegal,Investment Platform,6.9,0,0,0,1091436.27,-11.21,344791.64,31.59,0,0.0,Series B,0.0,109366,255.15,47983453.64,648820,73.95,0,11.36,14.14,0.18,0.65,0.65,1
FT091,ProDigital,14,2023,2,2023-03-16,Senegal,Investment Platform,7.15,0,0,0,873283.83,-11.63,164298.87,18.81,0,0.0,Series B,0.0,108853,253.48,47758172.71,570432,83.72,0,11.66,12.34,0.18,0.65,0.65,2
FT091,ProDigital,15,2023,3,2023-06-14,Senegal,Investment Platform,7.4,0,0,0,681649.52,-10.02,280735.01,41.18,0,0.0,Series B,0.0,110840,259.94,48630116.4,223465,217.62,0,5.29,9.67,0.18,0.65,0.65,3
FT091,ProDigital,16,2023,4,2023-09-12,Senegal,Investment Platform,7.65,0,0,0,649937.5,10.87,167517.59,25.77,0,0.0,Series B,0.0,136566,343.48,59917323.15,354142,169.19,0,5.4,13.94,0.18,0.65,0.65,0
FT092,WalletDigital,1,2020,1,2020-01-01,Zambia,Digital Banking,4.9,0,0,0,188071.89,0.0,37627.79,20.01,0,0.0,Seed,0.0,26194,43.51,8866947.49,88238,100.49,0,6.51,15.74,0.2,0.6,0.5,1
FT092,WalletDigital,2,2020,2,2020-03-31,Zambia,Digital Banking,5.15,0,0,0,72921.15,-72.79,23898.78,32.77,0,8298106.39,Seed,8298106.39,19863,8.82,6723706.47,108756,61.82,0,2.85,13.61,0.2,0.6,0.5,2
FT092,WalletDigital,3,2020,3,2020-06-29,Zambia,Digital Banking,5.4,0,0,0,115345.25,-72.92,29727.75,25.77,0,0.0,Seed,0.0,19773,8.33,6693313.72,139582,47.95,0,8.25,12.33,0.2,0.6,0.5,3
FT092,WalletDigital,4,2020,4,2020-09-27,Zambia,Digital Banking,5.65,0,0,0,229109.26,-65.98,81320.06,35.49,0,0.0,Seed,0.0,24839,36.09,8408417.62,109847,76.55,0,10.38,13.83,0.2,0.6,0.5,0
FT092,WalletDigital,5,2020,1,2020-12-26,Zambia,Digital Banking,5.9,0,0,0,183825.84,-51.88,67881.3,36.93,0,0.0,Seed,0.0,35129,92.46,11891620.42,296264,40.14,0,3.81,5.29,0.2,0.6,0.5,1
FT092,WalletDigital,6,2021,2,2021-03-26,Zambia,Digital Banking,6.15,0,0,0,331379.13,-54.36,93031.85,28.07,0,0.0,Seed,0.0,33323,82.57,11280152.07,135211,83.43,0,8.51,7.03,0.2,0.6,0.5,2
FT092,WalletDigital,7,2021,3,2021-06-24,Zambia,Digital Banking,6.4,0,0,0,148002.43,-57.52,59133.02,39.95,0,0.0,Seed,0.0,31016,69.93,10499288.6,133150,78.85,0,5.79,11.92,0.2,0.6,0.5,3
FT092,WalletDigital,8,2021,4,2021-09-22,Zambia,Digital Banking,6.65,0,0,0,351609.66,-49.51,95414.78,27.14,0,0.0,Seed,0.0,36859,101.94,12476914.1,159352,78.3,0,9.78,6.21,0.2,0.6,0.5,0
FT092,WalletDigital,9,2021,1,2021-12-21,Zambia,Digital Banking,6.9,0,0,0,312616.23,-23.88,62445.29,19.98,0,0.0,Seed,0.0,55573,204.47,18811710.22,313747,59.96,0,6.5,5.71,0.2,0.6,0.5,1
FT092,WalletDigital,10,2022,2,2022-03-21,Zambia,Digital Banking,7.15,0,0,0,278798.08,-46.37,132301.62,47.45,0,0.0,Seed,0.0,39151,114.5,13253023.16,93903,141.14,0,7.58,12.64,0.2,0.6,0.5,2
FT092,WalletDigital,11,2022,3,2022-06-19,Zambia,Digital Banking,7.4,0,0,0,365492.68,-33.59,104840.9,28.68,0,0.0,Seed,0.0,48485,165.64,16412512.5,135048,121.53,0,10.84,5.29,0.2,0.6,0.5,3
FT092,WalletDigital,12,2022,4,2022-09-17,Zambia,Digital Banking,7.65,0,0,0,190823.41,-31.85,48283.2,25.3,0,0.0,Seed,0.0,49755,172.6,16842586.66,363840,46.29,0,2.27,6.43,0.2,0.6,0.5,0
FT092,WalletDigital,13,2022,1,2022-12-16,Zambia,Digital Banking,7.9,0,0,0,558668.82,-7.04,164831.44,29.5,0,517791.07,Series C,517791.07,67870,271.84,22974413.69,422893,54.33,0,7.0,7.79,0.2,0.6,0.5,1
FT092,WalletDigital,14,2023,2,2023-03-16,Zambia,Digital Banking,8.15,0,0,0,310227.62,-7.64,90625.1,29.21,0,0.0,Seed,0.0,67434,269.45,22826688.96,160082,142.59,0,4.77,11.48,0.2,0.6,0.5,2
FT092,WalletDigital,15,2023,3,2023-06-14,Zambia,Digital Banking,8.4,0,0,0,224690.91,-17.54,86089.47,38.31,0,0.0,Seed,0.0,60204,229.84,20379375.86,212009,96.13,0,4.45,10.84,0.2,0.6,0.5,3
FT092,WalletDigital,16,2023,4,2023-09-12,Zambia,Digital Banking,8.65,0,0,0,490672.8,11.88,141209.76,28.78,0,0.0,Seed,0.0,81679,347.5,27648727.53,376166,73.5,0,7.55,9.65,0.2,0.6,0.5,0
FT093,EasyPro,1,2020,1,2020-01-01,Senegal,Crypto Exchange,3.2,0,0,0,101393.79,0.0,26954.44,26.58,0,0.0,Bootstrapped,0.0,14356,19.96,3757728.71,79353,47.35,0,10.3,14.04,0.18,0.65,0.65,1
FT093,EasyPro,2,2020,2,2020-03-31,Senegal,Crypto Exchange,3.45,0,0,0,42875.94,-70.12,11769.44,27.45,0,0.0,Bootstrapped,0.0,14301,19.5,3743421.21,59820,62.58,0,4.49,10.59,0.18,0.65,0.65,2
FT093,EasyPro,3,2020,3,2020-06-29,Senegal,Crypto Exchange,3.7,0,0,0,67163.19,-73.44,15038.41,22.39,0,0.0,Bootstrapped,0.0,12714,6.24,3327830.67,23214,143.35,0,7.48,11.84,0.18,0.65,0.65,3
FT093,EasyPro,4,2020,4,2020-09-27,Senegal,Crypto Exchange,3.95,0,0,0,55817.33,-65.64,10823.2,19.39,0,0.0,Bootstrapped,0.0,16446,37.42,4304887.94,115813,37.17,0,2.34,14.98,0.18,0.65,0.65,0
FT093,EasyPro,5,2020,1,2020-12-26,Senegal,Crypto Exchange,4.2,0,0,0,127331.75,-56.39,33106.06,26.0,0,0.0,Bootstrapped,0.0,20877,74.44,5464518.65,89122,61.32,0,9.04,13.48,0.18,0.65,0.65,1
FT093,EasyPro,6,2021,2,2021-03-26,Senegal,Crypto Exchange,4.45,0,0,0,97618.35,-58.5,36198.06,37.08,0,0.0,Bootstrapped,0.0,19864,65.98,5199311.98,146660,35.45,0,2.99,8.09,0.18,0.65,0.65,2
FT093,EasyPro,7,2021,3,2021-06-24,Senegal,Crypto Exchange,4.7,0,0,0,56243.95,-57.22,10035.95,17.84,0,0.0,Bootstrapped,0.0,20478,71.11,5360000.41,128360,41.76,0,3.28,15.49,0.18,0.65,0.65,3
FT093,EasyPro,8,2021,4,2021-09-22,Senegal,Crypto Exchange,4.95,0,0,0,91265.11,-50.45,41094.61,45.03,0,0.0,Bootstrapped,0.0,23722,98.22,6209109.35,184406,33.67,0,4.72,12.33,0.18,0.65,0.65,0
FT093,EasyPro,9,2021,1,2021-12-21,Senegal,Crypto Exchange,5.2,0,0,0,141118.12,-42.75,37531.94,26.6,0,0.0,Bootstrapped,0.0,27404,128.98,7172965.78,165328,43.39,0,4.09,7.47,0.18,0.65,0.65,1
FT093,EasyPro,10,2022,2,2022-03-21,Senegal,Crypto Exchange,5.45,0,0,0,89845.29,-39.73,38032.82,42.33,0,0.0,Bootstrapped,0.0,28853,141.09,7552176.19,103711,72.82,0,3.88,8.67,0.18,0.65,0.65,2
FT093,EasyPro,11,2022,3,2022-06-19,Senegal,Crypto Exchange,5.7,0,0,0,256870.05,-29.73,89386.03,34.8,0,0.0,Bootstrapped,0.0,33638,181.07,8804773.16,166117,53.0,0,10.4,7.01,0.18,0.65,0.65,3
FT093,EasyPro,12,2022,4,2022-09-17,Senegal,Crypto Exchange,5.95,0,0,0,140869.81,-16.4,33428.51,23.73,0,0.0,Bootstrapped,0.0,40017,234.38,10474341.63,158504,66.08,0,3.66,12.5,0.18,0.65,0.65,0
FT093,EasyPro,13,2022,1,2022-12-16,Senegal,Crypto Exchange,6.2,0,0,0,144855.36,2.37,47615.38,32.87,0,0.0,Bootstrapped,0.0,49004,309.47,12826651.0,357348,35.89,0,4.31,14.48,0.18,0.65,0.65,1
FT093,EasyPro,14,2023,2,2023-03-16,Senegal,Crypto Exchange,6.45,0,0,0,177921.16,-10.3,61670.3,34.66,0,0.0,Bootstrapped,0.0,42940,258.8,11239295.28,190099,59.12,0,4.35,5.26,0.18,0.65,0.65,2
FT093,EasyPro,15,2023,3,2023-06-14,Senegal,Crypto Exchange,6.7,0,0,0,248964.44,-19.05,102448.94,41.15,0,0.0,Bootstrapped,0.0,38752,223.81,10143247.12,272991,37.16,0,4.58,10.88,0.18,0.65,0.65,3
FT093,EasyPro,16,2023,4,2023-09-12,Senegal,Crypto Exchange,6.95,0,0,0,288529.54,3.19,76470.79,26.5,0,0.0,Bootstrapped,0.0,49397,312.75,12929353.92,346380,37.33,0,8.36,10.63,0.18,0.65,0.65,0
FT094,SafeDigital,1,2020,1,2020-01-01,Uganda,Crypto Exchange,2.7,0,0,0,51679.6,0.0,18839.49,36.45,0,0.0,Seed,0.0,16677,22.46,4283073.14,91733,46.69,0,3.3,15.28,0.2,0.6,0.55,1
FT094,SafeDigital,2,2020,2,2020-03-31,Uganda,Crypto Exchange,2.95,0,0,0,74835.31,-75.04,20856.45,27.87,0,0.0,Seed,0.0,13598,-0.15,3492370.26,54856,63.66,0,5.47,10.29,0.2,0.6,0.55,2
FT094,SafeDigital,3,2020,3,2020-06-29,Uganda,Crypto Exchange,3.2,0,0,0,62406.45,-72.51,14067.42,22.54,0,0.0,Seed,0.0,14977,9.97,3846336.89,41734,92.16,0,5.18,17.54,0.2,0.6,0.55,3
FT094,SafeDigital,4,2020,4,2020-09-27,Uganda,Crypto Exchange,3.45,0,0,0,78476.57,-68.58,20570.09,26.21,0,3430000.34,Series A,3430000.34,17114,25.66,4395214.37,66061,66.53,0,5.41,13.77,0.2,0.6,0.55,0
FT094,SafeDigital,5,2020,1,2020-12-26,Uganda,Crypto Exchange,3.7,0,0,0,110407.25,-57.6,24225.73,21.94,0,0.0,Seed,0.0,23095,69.58,5931303.47,80926,73.29,0,6.54,14.79,0.2,0.6,0.55,1
FT094,SafeDigital,6,2021,2,2021-03-26,Uganda,Crypto Exchange,3.95,0,0,0,93741.41,-72.64,27504.98,29.34,0,0.0,Seed,0.0,14903,9.43,3827331.72,31624,121.03,0,5.02,9.79,0.2,0.6,0.55,2
FT094,SafeDigital,7,2021,3,2021-06-24,Uganda,Crypto Exchange,4.2,0,0,0,66050.13,-71.15,22649.95,34.29,0,0.0,Seed,0.0,15715,15.39,4035929.4,59883,67.4,0,5.52,12.62,0.2,0.6,0.55,3
FT094,SafeDigital,8,2021,4,2021-09-22,Uganda,Crypto Exchange,4.45,0,0,0,73363.92,-64.91,27338.72,37.26,0,0.0,Seed,0.0,19117,40.37,4909616.7,136043,36.09,0,4.1,18.09,0.2,0.6,0.55,0
FT094,SafeDigital,9,2021,1,2021-12-21,Uganda,Crypto Exchange,4.7,0,0,0,61777.28,-62.18,19843.85,32.12,0,0.0,Seed,0.0,20602,51.28,5290886.36,149215,35.46,0,2.84,10.45,0.2,0.6,0.55,1
FT094,SafeDigital,10,2022,2,2022-03-21,Uganda,Crypto Exchange,4.95,0,0,0,53528.27,-72.08,18191.96,33.99,0,0.0,Seed,0.0,15210,11.68,3906232.01,85847,45.5,0,2.92,9.45,0.2,0.6,0.55,2
FT094,SafeDigital,11,2022,3,2022-06-19,Uganda,Crypto Exchange,5.2,0,0,0,26897.28,-82.39,8094.36,30.09,0,0.0,Seed,0.0,9593,-29.56,2463788.5,42187,58.4,0,2.43,12.55,0.2,0.6,0.55,3
FT094,SafeDigital,12,2022,4,2022-09-17,Uganda,Crypto Exchange,5.45,1,1,1,42.76,-99.98,8.28,19.36,0,0.0,Seed,0.0,1000,-92.66,2530.32,3599,0.7,0,0.06,36.45,0.2,0.6,0.55,0
FT094,SafeDigital,13,2022,1,2022-12-16,Uganda,Crypto Exchange,5.7,1,1,0,56.71,-99.99,9.21,16.24,0,0.0,Seed,0.0,1000,-92.66,2056.11,8534,0.24,0,0.08,56.09,0.2,0.6,0.55,1
FT094,SafeDigital,14,2023,2,2023-03-16,Uganda,Crypto Exchange,5.95,1,1,0,35.99,-99.99,13.74,38.18,0,0.0,Seed,0.0,1000,-92.66,1412.23,4078,0.35,0,0.05,45.62,0.2,0.6,0.55,2
FT094,SafeDigital,15,2023,3,2023-06-14,Uganda,Crypto Exchange,6.2,1,1,0,24.06,-99.99,8.11,33.72,0,0.0,Seed,0.0,1000,-92.66,887.46,6004,0.15,0,0.03,36.81,0.2,0.6,0.55,3
FT094,SafeDigital,16,2023,4,2023-09-12,Uganda,Crypto Exchange,6.45,1,1,0,15.44,-99.99,4.57,29.6,0,0.0,Seed,0.0,1000,-92.66,717.32,4325,0.17,0,0.02,35.16,0.2,0.6,0.55,0
FT095,Pro,1,2020,1,2020-01-01,Ghana,Insurance Tech,1.1,0,0,0,76267.61,0.0,21186.81,27.78,0,0.0,Seed,0.0,56154,11.26,3293704.98,402564,8.18,0,1.0,12.06,0.3,0.65,0.6,1
FT095,Pro,2,2020,2,2020-03-31,Ghana,Insurance Tech,1.35,0,0,0,65192.99,-74.88,24976.92,38.31,0,0.0,Seed,0.0,50708,0.47,2974291.32,148712,20.0,0,0.68,7.57,0.3,0.65,0.6,2
FT095,Pro,3,2020,3,2020-06-29,Ghana,Insurance Tech,1.6,0,0,0,71238.06,-74.82,26716.93,37.5,0,0.0,Seed,0.0,50831,0.71,2981490.22,328869,9.07,0,1.8,19.09,0.3,0.65,0.6,3
FT095,Pro,4,2020,4,2020-09-27,Ghana,Insurance Tech,1.85,0,0,0,105468.78,-62.35,38497.96,36.5,0,0.0,Seed,0.0,76013,50.6,4458514.13,394294,11.31,0,0.93,9.8,0.3,0.65,0.6,0
FT095,Pro,5,2020,1,2020-12-26,Ghana,Insurance Tech,2.1,0,0,0,148443.86,-56.1,60408.9,40.69,0,0.0,Seed,0.0,88631,75.6,5198588.86,414867,12.53,0,1.22,14.8,0.3,0.65,0.6,1
FT095,Pro,6,2021,2,2021-03-26,Ghana,Insurance Tech,2.35,0,0,0,45358.29,-65.55,13144.83,28.98,0,0.0,Seed,0.0,69545,37.79,4079127.17,207612,19.65,0,0.85,10.66,0.3,0.65,0.6,2
FT095,Pro,7,2021,3,2021-06-24,Ghana,Insurance Tech,2.6,0,0,0,100550.31,-65.97,34651.73,34.46,0,0.0,Seed,0.0,68704,36.12,4029831.55,474537,8.49,0,1.42,18.27,0.3,0.65,0.6,3
FT095,Pro,8,2021,4,2021-09-22,Ghana,Insurance Tech,2.85,0,0,0,93601.68,-48.66,34544.34,36.91,0,0.0,Seed,0.0,103647,105.36,6079345.92,367330,16.55,0,1.23,13.54,0.3,0.65,0.6,0
FT095,Pro,9,2021,1,2021-12-21,Ghana,Insurance Tech,3.1,0,0,0,120560.74,-51.41,36205.12,30.03,0,0.0,Seed,0.0,98089,94.34,5753385.03,398386,14.44,0,1.1,10.27,0.3,0.65,0.6,1
FT095,Pro,10,2022,2,2022-03-21,Ghana,Insurance Tech,3.35,0,0,0,83740.15,-52.97,22194.5,26.5,0,0.0,Seed,0.0,94956,88.14,5569611.19,452368,12.31,0,0.71,12.4,0.3,0.65,0.6,2
FT095,Pro,11,2022,3,2022-06-19,Ghana,Insurance Tech,3.6,0,0,0,110338.98,-56.96,24003.12,21.75,0,0.0,Seed,0.0,86886,72.15,5096245.49,474754,10.73,0,1.08,13.29,0.3,0.65,0.6,3
FT095,Pro,12,2022,4,2022-09-17,Ghana,Insurance Tech,3.85,0,0,0,91251.07,-46.22,23678.4,25.95,0,0.0,Seed,0.0,108574,115.12,6368340.24,745657,8.54,0,1.06,7.56,0.3,0.65,0.6,0
FT095,Pro,13,2022,1,2022-12-16,Ghana,Insurance Tech,4.1,0,0,0,147064.58,-43.6,45273.21,30.78,0,0.0,Seed,0.0,113857,125.58,6678216.05,518317,12.88,0,0.94,12.23,0.3,0.65,0.6,1
FT095,Pro,14,2023,2,2023-03-16,Ghana,Insurance Tech,4.35,0,0,0,188660.83,-41.01,87726.77,46.5,0,0.0,Seed,0.0,119089,135.95,6985094.61,919311,7.6,0,1.63,13.28,0.3,0.65,0.6,2
FT095,Pro,15,2023,3,2023-06-14,Ghana,Insurance Tech,4.6,0,0,0,182226.9,-47.61,61013.44,33.48,0,0.0,Seed,0.0,105769,109.56,6203836.61,465626,13.32,0,1.21,16.21,0.3,0.65,0.6,3
FT095,Pro,16,2023,4,2023-09-12,Ghana,Insurance Tech,4.85,0,0,0,90736.84,-26.52,25154.29,27.72,0,2752750.22,Series C,2752750.22,148351,193.93,8701455.82,559618,15.55,0,0.45,11.8,0.3,0.65,0.6,0
FT096,SmartTech,1,2020,1,2020-01-01,South Africa,Remittance,1.5,0,0,0,912024.29,0.0,275174.3,30.17,0,0.0,Seed,0.0,137640,-6.94,61336967.37,806991,76.01,0,4.63,10.21,0.8,0.9,0.75,1
FT096,SmartTech,2,2020,2,2020-03-31,South Africa,Remittance,1.75,0,0,0,731899.44,-73.23,288937.86,39.48,0,0.0,Seed,0.0,158398,7.1,70587494.78,784019,90.03,0,3.37,9.69,0.8,0.9,0.75,2
FT096,SmartTech,3,2020,3,2020-06-29,South Africa,Remittance,2.0,0,0,0,1090182.56,-67.37,275599.5,25.28,0,0.0,Seed,0.0,193065,30.54,86036487.92,687462,125.15,0,5.22,5.44,0.8,0.9,0.75,3
FT096,SmartTech,4,2020,4,2020-09-27,South Africa,Remittance,2.25,0,0,0,1906818.48,-63.21,517394.37,27.13,0,0.0,Seed,0.0,217655,47.16,96994351.23,479135,202.44,0,8.36,9.53,0.8,0.9,0.75,0
FT096,SmartTech,5,2020,1,2020-12-26,South Africa,Remittance,2.5,0,0,0,3258406.7,-58.75,1432480.25,43.96,0,0.0,Seed,0.0,244004,64.98,108736562.68,1974586,55.07,0,15.5,12.2,0.8,0.9,0.75,1
FT096,SmartTech,6,2021,2,2021-03-26,South Africa,Remittance,2.75,0,0,0,2882661.25,-56.33,828739.14,28.75,0,0.0,Seed,0.0,258369,74.69,115138220.16,1831201,62.88,0,11.3,10.24,0.8,0.9,0.75,2
FT096,SmartTech,7,2021,3,2021-06-24,South Africa,Remittance,3.0,0,0,0,2733374.69,-53.42,622116.04,22.76,0,0.0,Seed,0.0,275583,86.33,122809136.96,1454330,84.44,0,11.72,9.97,0.8,0.9,0.75,3
FT096,SmartTech,8,2021,4,2021-09-22,South Africa,Remittance,3.25,0,0,0,1670409.67,-36.82,450803.69,26.99,0,0.0,Seed,0.0,373779,152.73,166568504.93,1289547,129.17,0,3.85,9.39,0.8,0.9,0.75,0
FT096,SmartTech,9,2021,1,2021-12-21,South Africa,Remittance,3.5,0,0,0,3683807.2,-41.18,849052.14,23.05,0,0.0,Seed,0.0,347981,135.28,155072016.84,2164014,71.66,0,8.31,14.66,0.8,0.9,0.75,1
FT096,SmartTech,10,2022,2,2022-03-21,South Africa,Remittance,3.75,0,0,0,2398545.15,-31.5,1143651.95,47.68,0,0.0,Seed,0.0,405271,174.02,180602474.13,2905544,62.16,0,8.71,11.11,0.8,0.9,0.75,2
FT096,SmartTech,11,2022,3,2022-06-19,South Africa,Remittance,4.0,0,0,0,2920794.62,-32.05,414322.2,14.19,0,0.0,Seed,0.0,401983,171.8,179137403.12,1707196,104.93,0,7.36,13.54,0.8,0.9,0.75,3
FT096,SmartTech,12,2022,4,2022-09-17,South Africa,Remittance,4.25,0,0,0,4200181.86,-25.78,1029208.91,24.5,0,0.0,Seed,0.0,439107,196.9,195680768.38,1350745,144.87,0,9.47,5.67,0.8,0.9,0.75,0
FT096,SmartTech,13,2022,1,2022-12-16,South Africa,Remittance,4.5,0,0,0,2664052.73,-13.73,672091.87,25.23,0,0.0,Seed,0.0,510371,245.08,227438586.66,3249902,69.98,0,3.28,15.18,0.8,0.9,0.75,1
FT096,SmartTech,14,2023,2,2023-03-16,South Africa,Remittance,4.75,0,0,0,6326456.26,-3.37,1930666.99,30.52,0,0.0,Seed,0.0,571676,286.53,254757813.47,3585221,71.06,0,11.73,7.84,0.8,0.9,0.75,2
FT096,SmartTech,15,2023,3,2023-06-14,South Africa,Remittance,5.0,0,0,0,2647020.35,-19.3,1111296.29,41.98,0,0.0,Seed,0.0,477443,222.82,212764594.69,2884133,73.77,0,7.14,8.55,0.8,0.9,0.75,3
FT096,SmartTech,16,2023,4,2023-09-12,South Africa,Remittance,5.25,0,0,0,5476553.09,7.68,1676072.69,30.6,0,0.0,Seed,0.0,637059,330.74,283895007.68,1597756,177.68,0,12.44,15.27,0.8,0.9,0.75,0
FT097,ZapDigital,1,2020,1,2020-01-01,Rwanda,Digital Banking,3.4,0,0,0,229462.73,0.0,34621.26,15.09,0,0.0,Seed,0.0,33918,14.09,14023567.45,150782,93.01,0,4.64,14.8,0.15,0.75,0.7,1
FT097,ZapDigital,2,2020,2,2020-03-31,Rwanda,Digital Banking,3.65,0,0,0,184817.95,-71.68,50144.15,27.13,0,0.0,Seed,0.0,33679,13.29,13924525.13,234649,59.34,0,6.35,12.11,0.15,0.75,0.7,2
FT097,ZapDigital,3,2020,3,2020-06-29,Rwanda,Digital Banking,3.9,0,0,0,334926.34,-71.1,104296.57,31.14,0,0.0,Seed,0.0,34371,15.62,14210741.83,246137,57.74,0,7.57,7.86,0.15,0.75,0.7,3
FT097,ZapDigital,4,2020,4,2020-09-27,Rwanda,Digital Banking,4.15,0,0,0,231481.49,-66.02,73941.71,31.94,0,0.0,Seed,0.0,40409,35.93,16707328.97,137684,121.35,0,3.92,10.13,0.15,0.75,0.7,0
FT097,ZapDigital,5,2020,1,2020-12-26,Rwanda,Digital Banking,4.4,0,0,0,635463.3,-56.27,154963.62,24.39,0,0.0,Seed,0.0,52005,74.93,21501427.5,133576,160.97,0,13.35,13.22,0.15,0.75,0.7,1
FT097,ZapDigital,6,2021,2,2021-03-26,Rwanda,Digital Banking,4.65,0,0,0,443817.43,-57.75,81444.17,18.35,0,0.0,Seed,0.0,50245,69.01,20773917.02,157985,131.49,0,12.18,15.1,0.15,0.75,0.7,2
FT097,ZapDigital,7,2021,3,2021-06-24,Rwanda,Digital Banking,4.9,0,0,0,580054.7,-50.72,172949.35,29.82,0,0.0,Seed,0.0,58596,97.11,24226689.72,355652,68.12,0,7.73,8.0,0.15,0.75,0.7,3
FT097,ZapDigital,8,2021,4,2021-09-22,Rwanda,Digital Banking,5.15,0,0,0,503667.98,-57.64,168590.94,33.47,0,0.0,Seed,0.0,50376,69.45,20827807.91,168012,123.97,0,7.51,7.9,0.15,0.75,0.7,0
FT097,ZapDigital,9,2021,1,2021-12-21,Rwanda,Digital Banking,5.4,0,0,0,955785.43,-28.11,182312.65,19.07,0,0.0,Seed,0.0,85484,187.55,35343445.83,682573,51.78,0,14.63,14.64,0.15,0.75,0.7,1
FT097,ZapDigital,10,2022,2,2022-03-21,Rwanda,Digital Banking,5.65,0,0,0,972717.36,-32.52,238955.19,24.57,0,0.0,Seed,0.0,80247,169.93,33178094.57,166091,199.76,0,10.86,8.1,0.15,0.75,0.7,2
FT097,ZapDigital,11,2022,3,2022-06-19,Rwanda,Digital Banking,5.9,0,0,0,292274.76,-41.63,117674.73,40.26,0,0.0,Seed,0.0,69409,133.48,28697022.19,426943,67.22,0,3.18,7.97,0.15,0.75,0.7,3
FT097,ZapDigital,12,2022,4,2022-09-17,Rwanda,Digital Banking,6.15,0,0,0,832940.75,-26.51,367024.32,44.06,0,0.0,Seed,0.0,87388,193.96,36130331.76,430825,83.86,0,14.05,9.42,0.15,0.75,0.7,0
FT097,ZapDigital,13,2022,1,2022-12-16,Rwanda,Digital Banking,6.4,0,0,0,445586.2,-21.07,177924.74,39.93,0,0.0,Seed,0.0,93859,215.72,38806072.27,510314,76.04,0,3.02,12.47,0.15,0.75,0.7,1
FT097,ZapDigital,14,2023,2,2023-03-16,Rwanda,Digital Banking,6.65,0,0,0,854431.56,-2.98,155927.85,18.25,0,0.0,Seed,0.0,115369,288.08,47699134.18,918039,51.96,0,7.14,12.99,0.15,0.75,0.7,2
FT097,ZapDigital,15,2023,3,2023-06-14,Rwanda,Digital Banking,6.9,0,0,0,592614.43,-8.84,230254.95,38.85,0,0.0,Seed,0.0,108396,264.62,44816014.95,358457,125.02,0,5.23,10.83,0.15,0.75,0.7,3
FT097,ZapDigital,16,2023,4,2023-09-12,Rwanda,Digital Banking,7.15,0,0,0,621090.37,-1.27,115718.43,18.63,0,0.0,Seed,0.0,117403,294.92,48540003.4,337915,143.65,0,4.16,14.38,0.15,0.75,0.7,0
FT098,Hub,1,2020,1,2020-01-01,Ghana,Digital Banking,10.3,0,0,0,45690.84,0.0,11965.47,26.19,0,0.0,Bootstrapped,0.0,6452,-9.38,2866005.32,27381,104.67,0,8.28,13.64,0.3,0.65,0.6,1
FT098,Hub,2,2020,2,2020-03-31,Ghana,Digital Banking,10.55,0,0,0,90787.62,-67.9,22832.94,25.15,0,0.0,Bootstrapped,0.0,9141,28.39,4060113.64,32383,125.38,0,11.35,14.51,0.3,0.65,0.6,2
FT098,Hub,3,2020,3,2020-06-29,Ghana,Digital Banking,10.8,0,0,0,59385.0,-72.25,10413.06,17.53,0,0.0,Bootstrapped,0.0,7902,10.99,3509865.79,36243,96.84,0,7.26,12.12,0.3,0.65,0.6,3
FT098,Hub,4,2020,4,2020-09-27,Ghana,Digital Banking,11.05,0,0,0,68090.67,-64.28,12407.18,18.22,0,2443941.99,Series A,2443941.99,10172,42.88,4518255.43,26660,169.48,0,7.92,13.28,0.3,0.65,0.6,0
FT098,Hub,5,2020,1,2020-12-26,Ghana,Digital Banking,11.3,0,0,0,110834.12,-58.39,26749.2,24.13,0,0.0,Bootstrapped,0.0,11849,66.43,5263044.15,98877,53.23,0,13.69,6.54,0.3,0.65,0.6,1
FT098,Hub,6,2021,2,2021-03-26,Ghana,Digital Banking,11.55,0,0,0,156988.81,-52.76,32755.84,20.87,0,0.0,Bootstrapped,0.0,13453,88.96,5975391.04,47479,125.85,0,10.23,14.93,0.3,0.65,0.6,2
FT098,Hub,7,2021,3,2021-06-24,Ghana,Digital Banking,11.8,0,0,0,124564.74,-54.42,28359.72,22.77,0,0.0,Bootstrapped,0.0,12981,82.33,5765717.23,33123,174.07,0,12.52,12.98,0.3,0.65,0.6,3
FT098,Hub,8,2021,4,2021-09-22,Ghana,Digital Banking,12.05,0,0,0,120562.17,-49.67,54953.77,45.58,0,0.0,Bootstrapped,0.0,14334,101.33,6366593.53,108250,58.81,0,5.41,11.11,0.3,0.65,0.6,0
FT098,Hub,9,2021,1,2021-12-21,Ghana,Digital Banking,12.3,0,0,0,75583.61,-47.6,13656.24,18.07,0,0.0,Bootstrapped,0.0,14922,109.59,6627855.07,120896,54.82,0,5.97,13.27,0.3,0.65,0.6,1
FT098,Hub,10,2022,2,2022-03-21,Ghana,Digital Banking,12.55,0,0,0,242975.73,-29.46,100612.85,41.41,0,0.0,Bootstrapped,0.0,20088,182.15,8922220.63,91923,97.06,0,8.6,7.76,0.3,0.65,0.6,2
FT098,Hub,11,2022,3,2022-06-19,Ghana,Digital Banking,12.8,0,0,0,263427.73,-30.47,40874.55,15.52,0,0.0,Bootstrapped,0.0,19800,178.11,8794431.46,131728,66.76,0,19.47,12.68,0.3,0.65,0.6,3
FT098,Hub,12,2022,4,2022-09-17,Ghana,Digital Banking,13.05,0,0,0,131050.88,-42.56,39385.62,30.05,0,0.0,Bootstrapped,0.0,16357,129.75,7265104.17,40542,179.2,0,8.63,15.05,0.3,0.65,0.6,0
FT098,Hub,13,2022,1,2022-12-16,Ghana,Digital Banking,13.3,0,0,0,252470.7,-21.13,41133.47,16.29,0,0.0,Bootstrapped,0.0,22461,215.49,9976303.14,130241,76.6,0,12.36,8.74,0.3,0.65,0.6,1
FT098,Hub,14,2023,2,2023-03-16,Ghana,Digital Banking,13.55,0,0,0,164516.29,-7.12,50804.61,30.88,0,0.0,Bootstrapped,0.0,26449,271.5,11747455.51,54358,216.11,0,4.88,15.33,0.3,0.65,0.6,2
FT098,Hub,15,2023,3,2023-06-14,Ghana,Digital Banking,13.8,0,0,0,124284.04,-14.92,42688.9,34.35,0,0.0,Bootstrapped,0.0,24227,240.29,10760760.2,57058,188.59,0,6.99,9.71,0.3,0.65,0.6,3
FT098,Hub,16,2023,4,2023-09-12,Ghana,Digital Banking,14.05,0,0,0,269564.41,6.78,72824.14,27.02,0,0.0,Bootstrapped,0.0,30408,327.11,13506069.27,227882,59.27,0,5.23,12.1,0.3,0.65,0.6,0
FT099,FlashAfrica,1,2020,1,2020-01-01,Ethiopia,Digital Banking,3.4,0,0,0,482311.54,0.0,66299.02,13.75,0,0.0,Bootstrapped,0.0,59402,15.89,24098788.95,364508,66.11,0,6.12,15.27,0.5,0.55,0.5,1
FT099,FlashAfrica,2,2020,2,2020-03-31,Ethiopia,Digital Banking,3.65,0,0,0,365986.29,-68.96,112462.42,30.73,0,0.0,Bootstrapped,0.0,63643,24.16,25819410.59,228659,112.92,0,3.73,15.84,0.5,0.55,0.5,2
FT099,FlashAfrica,3,2020,3,2020-06-29,Ethiopia,Digital Banking,3.9,0,0,0,460700.86,-74.49,137704.54,29.89,0,1111561.39,Seed,1111561.39,52307,2.04,21220400.54,155377,136.57,0,5.28,11.03,0.5,0.55,0.5,3
FT099,FlashAfrica,4,2020,4,2020-09-27,Ethiopia,Digital Banking,4.15,0,0,0,670004.03,-70.99,225231.17,33.62,0,0.0,Bootstrapped,0.0,59485,16.05,24132498.69,409778,58.89,0,8.88,10.91,0.5,0.55,0.5,0
FT099,FlashAfrica,5,2020,1,2020-12-26,Ethiopia,Digital Banking,4.4,0,0,0,380898.23,-64.93,137087.42,35.99,0,0.0,Bootstrapped,0.0,71912,40.29,29173931.15,170538,171.07,0,4.44,6.94,0.5,0.55,0.5,1
FT099,FlashAfrica,6,2021,2,2021-03-26,Ethiopia,Digital Banking,4.65,0,0,0,912339.98,-61.14,333418.1,36.55,0,0.0,Bootstrapped,0.0,79675,55.44,32323372.51,250991,128.78,0,13.43,13.07,0.5,0.55,0.5,2
FT099,FlashAfrica,7,2021,3,2021-06-24,Ethiopia,Digital Banking,4.9,0,0,0,865494.55,-60.66,192018.95,22.19,0,0.0,Bootstrapped,0.0,80655,57.35,32721019.96,359437,91.03,0,15.73,12.17,0.5,0.55,0.5,3
FT099,FlashAfrica,8,2021,4,2021-09-22,Ethiopia,Digital Banking,5.15,0,0,0,891017.35,-57.34,116823.59,13.11,0,0.0,Bootstrapped,0.0,87471,70.64,35485867.53,423547,83.78,0,13.23,8.53,0.5,0.55,0.5,0
FT099,FlashAfrica,9,2021,1,2021-12-21,Ethiopia,Digital Banking,5.4,0,0,0,1091129.48,-54.18,375677.72,34.43,0,0.0,Bootstrapped,0.0,93952,83.29,38115174.7,422109,90.3,0,7.21,9.91,0.5,0.55,0.5,1
FT099,FlashAfrica,10,2022,2,2022-03-21,Ethiopia,Digital Banking,5.65,0,0,0,599851.91,-47.53,87244.84,14.54,0,0.0,Bootstrapped,0.0,107585,109.88,43645996.79,578580,75.44,0,3.83,11.46,0.5,0.55,0.5,2
FT099,FlashAfrica,11,2022,3,2022-06-19,Ethiopia,Digital Banking,5.9,0,0,0,789759.37,-54.41,181979.92,23.04,0,0.0,Bootstrapped,0.0,93482,82.37,37924688.89,178303,212.7,0,12.41,14.34,0.5,0.55,0.5,3
FT099,FlashAfrica,12,2022,4,2022-09-17,Ethiopia,Digital Banking,6.15,0,0,0,1154056.99,-34.72,193079.34,16.73,0,0.0,Bootstrapped,0.0,133842,161.11,54298240.81,845216,64.24,0,10.34,14.82,0.5,0.55,0.5,0
FT099,FlashAfrica,13,2022,1,2022-12-16,Ethiopia,Digital Banking,6.4,0,0,0,837937.48,-36.78,282867.18,33.76,0,0.0,Bootstrapped,0.0,129626,152.88,52587603.2,955045,55.06,0,3.95,15.96,0.5,0.55,0.5,1
FT099,FlashAfrica,14,2023,2,2023-03-16,Ethiopia,Digital Banking,6.65,0,0,0,700698.59,-38.68,234799.3,33.51,0,0.0,Bootstrapped,0.0,125721,145.26,51003702.74,706096,72.23,0,4.75,6.76,0.5,0.55,0.5,2
FT099,FlashAfrica,15,2023,3,2023-06-14,Ethiopia,Digital Banking,6.9,0,0,0,837493.99,-41.21,183748.5,21.94,0,0.0,Bootstrapped,0.0,120548,135.17,48904858.27,637512,76.71,0,4.27,13.88,0.5,0.55,0.5,3
FT099,FlashAfrica,16,2023,4,2023-09-12,Ethiopia,Digital Banking,7.15,0,0,0,802108.39,-8.82,264956.65,33.03,0,0.0,Bootstrapped,0.0,186947,264.71,75842124.82,687950,110.24,0,5.17,9.71,0.5,0.55,0.5,0
FT100,LinkTech,1,2020,1,2020-01-01,Rwanda,Digital Banking,2.3,0,0,0,25115.25,0.0,7501.41,29.87,0,0.0,Series A,0.0,13488,28.63,1041963.07,60779,17.14,0,2.12,12.18,0.15,0.75,0.7,1
FT100,LinkTech,2,2020,2,2020-03-31,Rwanda,Digital Banking,2.55,0,0,0,14760.22,-64.45,5030.21,34.08,0,0.0,Series A,0.0,14910,42.2,1151804.36,55670,20.69,0,0.9,7.03,0.15,0.75,0.7,2
FT100,LinkTech,3,2020,3,2020-06-29,Rwanda,Digital Banking,2.8,0,0,0,22743.16,-68.29,7386.33,32.48,0,0.0,Series A,0.0,13299,26.83,1027399.46,87176,11.79,0,1.01,12.73,0.15,0.75,0.7,3
FT100,LinkTech,4,2020,4,2020-09-27,Rwanda,Digital Banking,3.05,0,0,0,24612.66,-61.88,8449.97,34.33,0,0.0,Series A,0.0,15988,52.48,1235123.31,38650,31.96,0,1.03,8.95,0.15,0.75,0.7,0
FT100,LinkTech,5,2020,1,2020-12-26,Rwanda,Digital Banking,3.3,0,0,0,42969.67,-51.82,13700.89,31.89,0,0.0,Series A,0.0,20208,92.72,1561061.26,168796,9.25,0,1.61,6.24,0.15,0.75,0.7,1
FT100,LinkTech,6,2021,2,2021-03-26,Rwanda,Digital Banking,3.55,0,0,0,41066.46,-53.92,13066.81,31.82,0,0.0,Series A,0.0,19328,84.33,1493122.47,75207,19.85,0,2.04,15.43,0.15,0.75,0.7,2
FT100,LinkTech,7,2021,3,2021-06-24,Rwanda,Digital Banking,3.8,0,0,0,17114.25,-52.93,4098.27,23.95,0,0.0,Series A,0.0,19740,88.26,1524937.29,80309,18.99,0,0.49,6.86,0.15,0.75,0.7,3
FT100,LinkTech,8,2021,4,2021-09-22,Rwanda,Digital Banking,4.05,0,0,0,35677.79,-55.02,10466.12,29.34,0,0.0,Series A,0.0,18866,79.92,1457431.67,124259,11.73,0,2.4,13.78,0.15,0.75,0.7,0
FT100,LinkTech,9,2021,1,2021-12-21,Rwanda,Digital Banking,4.3,0,0,0,59024.77,-33.25,18299.88,31.0,0,0.0,Series A,0.0,27995,166.99,2162590.03,146214,14.79,0,3.08,8.16,0.15,0.75,0.7,1
FT100,LinkTech,10,2022,2,2022-03-21,Rwanda,Digital Banking,4.55,0,0,0,40564.53,-29.57,18663.39,46.01,0,0.0,Series A,0.0,29540,181.72,2281995.39,213875,10.67,0,1.03,10.38,0.15,0.75,0.7,2
FT100,LinkTech,11,2022,3,2022-06-19,Rwanda,Digital Banking,4.8,0,0,0,45797.48,-32.01,18076.12,39.47,0,1427830.02,Series B,1427830.02,28518,171.98,2203000.09,131690,16.73,0,0.97,12.65,0.15,0.75,0.7,3
FT100,LinkTech,12,2022,4,2022-09-17,Rwanda,Digital Banking,5.05,0,0,0,49905.4,-44.78,5943.74,11.91,0,0.0,Series A,0.0,23160,120.88,1789090.61,74795,23.92,0,1.66,10.6,0.15,0.75,0.7,0
FT100,LinkTech,13,2022,1,2022-12-16,Rwanda,Digital Banking,5.3,0,0,0,84444.05,-3.56,22089.87,26.16,0,0.0,Series A,0.0,40448,285.75,3124574.42,326158,9.58,0,1.13,13.16,0.15,0.75,0.7,1
FT100,LinkTech,14,2023,2,2023-03-16,Rwanda,Digital Banking,5.55,0,0,0,84745.37,-12.55,26222.22,30.94,0,0.0,Series A,0.0,36677,249.79,2833252.24,166958,16.97,0,3.07,13.83,0.15,0.75,0.7,2
FT100,LinkTech,15,2023,3,2023-06-14,Rwanda,Digital Banking,5.8,0,0,0,37420.96,-11.38,14866.72,39.73,0,0.0,Series A,0.0,37167,254.46,2871171.86,257527,11.15,0,0.98,13.96,0.15,0.75,0.7,3
FT100,LinkTech,16,2023,4,2023-09-12,Rwanda,Digital Banking,6.05,0,0,0,53477.46,16.33,15939.89,29.81,0,0.0,Series A,0.0,48791,365.32,3769052.84,311194,12.11,0,0.88,10.5,0.15,0.75,0.7,0
FT101,M-Digital,1,2020,1,2020-01-01,Ghana,Insurance Tech,1.0,0,0,0,49127.38,0.0,11918.81,24.26,0,0.0,Series A,0.0,28079,3.71,3575204.98,99558,35.91,0,2.44,14.51,0.3,0.65,0.6,1
FT101,M-Digital,2,2020,2,2020-03-31,Ghana,Insurance Tech,1.25,0,0,0,86284.28,-73.2,23490.07,27.22,0,0.0,Series A,0.0,29019,7.18,3694918.96,178061,20.75,0,4.04,16.31,0.3,0.65,0.6,2
FT101,M-Digital,3,2020,3,2020-06-29,Ghana,Insurance Tech,1.5,0,0,0,57805.75,-70.78,19129.49,33.09,0,0.0,Series A,0.0,31648,16.89,4029698.5,59127,68.15,0,2.4,6.44,0.3,0.65,0.6,3
FT101,M-Digital,4,2020,4,2020-09-27,Ghana,Insurance Tech,1.75,0,0,0,98243.7,-70.43,33300.84,33.9,0,0.0,Series A,0.0,32020,18.27,4077056.14,160336,25.43,0,2.09,12.45,0.3,0.65,0.6,0
FT101,M-Digital,5,2020,1,2020-12-26,Ghana,Insurance Tech,2.0,0,0,0,65917.47,-66.07,26825.05,40.69,0,0.0,Series A,0.0,36745,35.72,4678671.83,125758,37.2,0,2.07,11.97,0.3,0.65,0.6,1
FT101,M-Digital,6,2021,2,2021-03-26,Ghana,Insurance Tech,2.25,0,0,0,126593.98,-62.35,58856.87,46.49,0,0.0,Series A,0.0,40772,50.59,5191390.46,271372,19.13,0,1.8,8.27,0.3,0.65,0.6,2
FT101,M-Digital,7,2021,3,2021-06-24,Ghana,Insurance Tech,2.5,0,0,0,142780.02,-65.18,34330.72,24.04,0,0.0,Series A,0.0,37708,39.28,4801253.06,186458,25.75,0,3.02,8.33,0.3,0.65,0.6,3
FT101,M-Digital,8,2021,4,2021-09-22,Ghana,Insurance Tech,2.75,0,0,0,69961.19,-59.88,30018.57,42.91,0,0.0,Series A,0.0,43450,60.49,5532420.41,122898,45.02,0,2.35,13.76,0.3,0.65,0.6,0
FT101,M-Digital,9,2021,1,2021-12-21,Ghana,Insurance Tech,3.0,0,0,0,68266.28,-61.51,7756.55,11.36,0,1928285.81,Series B,1928285.81,41681,53.95,5307060.31,142009,37.37,0,1.51,8.76,0.3,0.65,0.6,1
FT101,M-Digital,10,2022,2,2022-03-21,Ghana,Insurance Tech,3.25,0,0,0,76517.54,-55.9,27114.66,35.44,0,0.0,Series A,0.0,47763,76.42,6081543.74,199806,30.44,0,0.95,11.85,0.3,0.65,0.6,2
FT101,M-Digital,11,2022,3,2022-06-19,Ghana,Insurance Tech,3.5,0,0,0,102678.26,-61.33,15219.87,14.82,0,0.0,Series A,0.0,41877,54.68,5332103.55,92484,57.65,0,3.14,17.55,0.3,0.65,0.6,3
FT101,M-Digital,12,2022,4,2022-09-17,Ghana,Insurance Tech,3.75,0,0,0,113667.26,-67.3,23928.87,21.05,0,0.0,Series A,0.0,35411,30.79,4508809.18,220935,20.41,0,4.31,14.97,0.3,0.65,0.6,0
FT101,M-Digital,13,2022,1,2022-12-16,Ghana,Insurance Tech,4.0,0,0,0,44460.75,-75.16,7415.67,16.68,0,0.0,Series A,0.0,26896,-0.66,3424614.28,112095,30.55,0,1.89,11.05,0.3,0.65,0.6,1
FT101,M-Digital,14,2023,2,2023-03-16,Ghana,Insurance Tech,4.25,1,1,1,15.23,-99.99,4.81,31.58,0,0.0,Series A,0.0,1000,-96.31,1497.57,3824,0.39,0,0.02,57.8,0.3,0.65,0.6,2
FT101,M-Digital,15,2023,3,2023-06-14,Ghana,Insurance Tech,4.5,1,1,0,22.61,-99.99,8.78,38.83,0,0.0,Series A,0.0,1000,-96.31,876.84,2140,0.41,0,0.03,43.13,0.3,0.65,0.6,3
FT101,M-Digital,16,2023,4,2023-09-12,Ghana,Insurance Tech,4.75,1,1,1,14.48,-100.0,4.81,33.24,0,0.0,Series A,0.0,1000,-96.31,651.94,6798,0.1,0,0.02,59.08,0.3,0.65,0.6,0
FT102,Bank,1,2020,1,2020-01-01,South Africa,Crypto Exchange,3.0,0,0,0,1273544.49,0.0,446491.86,35.06,0,0.0,Series A,0.0,171646,12.51,50164070.0,808761,62.03,0,4.36,15.71,0.8,0.9,0.75,1
FT102,Bank,2,2020,2,2020-03-31,South Africa,Crypto Exchange,3.25,0,0,0,576064.04,-69.01,83174.53,14.44,0,0.0,Series A,0.0,189137,23.97,55275899.3,1396545,39.58,0,3.71,9.89,0.8,0.9,0.75,2
FT102,Bank,3,2020,3,2020-06-29,South Africa,Crypto Exchange,3.5,0,0,0,854303.2,-74.09,260270.87,30.47,0,0.0,Series A,0.0,158105,3.63,46206830.68,559979,82.52,0,4.86,14.64,0.8,0.9,0.75,3
FT102,Bank,4,2020,4,2020-09-27,South Africa,Crypto Exchange,3.75,0,0,0,1520430.87,-59.18,199716.35,13.14,0,0.0,Series A,0.0,249098,63.27,72799864.66,1240443,58.69,0,5.94,15.45,0.8,0.9,0.75,0
FT102,Bank,5,2020,1,2020-12-26,South Africa,Crypto Exchange,4.0,0,0,0,822342.54,-62.47,162768.68,19.79,0,0.0,Series A,0.0,229016,50.11,66930783.04,798624,83.81,0,4.57,7.81,0.8,0.9,0.75,1
FT102,Bank,6,2021,2,2021-03-26,South Africa,Crypto Exchange,4.25,0,0,0,1985954.68,-62.52,733841.14,36.95,0,0.0,Series A,0.0,228731,49.92,66847472.04,512517,130.43,0,9.42,7.51,0.8,0.9,0.75,2
FT102,Bank,7,2021,3,2021-06-24,South Africa,Crypto Exchange,4.5,0,0,0,2387061.52,-54.58,966752.91,40.5,0,0.0,Series A,0.0,277179,81.68,81006353.51,1868188,43.36,0,9.14,5.39,0.8,0.9,0.75,3
FT102,Bank,8,2021,4,2021-09-22,South Africa,Crypto Exchange,4.75,0,0,0,819211.51,-59.95,336670.05,41.1,0,0.0,Series A,0.0,244434,60.22,71436549.3,1092959,65.36,0,2.38,8.7,0.8,0.9,0.75,0
FT102,Bank,9,2021,1,2021-12-21,South Africa,Crypto Exchange,5.0,0,0,0,1345237.77,-34.06,374951.04,27.87,0,0.0,Series A,0.0,402430,163.77,117611394.89,1467120,80.16,0,3.16,8.88,0.8,0.9,0.75,1
FT102,Bank,10,2022,2,2022-03-21,South Africa,Crypto Exchange,5.25,0,0,0,2984148.41,-33.0,923899.82,30.96,0,0.0,Series A,0.0,408905,168.02,119503701.83,1924810,62.09,0,3.89,10.17,0.8,0.9,0.75,2
FT102,Bank,11,2022,3,2022-06-19,South Africa,Crypto Exchange,5.5,0,0,0,2448594.47,-39.28,396024.91,16.17,0,0.0,Series A,0.0,370523,142.86,108286578.83,2532610,42.76,0,4.83,9.39,0.8,0.9,0.75,3
FT102,Bank,12,2022,4,2022-09-17,South Africa,Crypto Exchange,5.75,0,0,0,2937509.58,-17.23,630020.98,21.45,0,0.0,Series A,0.0,505133,231.09,147626661.75,1525825,96.75,0,7.48,15.14,0.8,0.9,0.75,0
FT102,Bank,13,2022,1,2022-12-16,South Africa,Crypto Exchange,6.0,0,0,0,2712262.69,-10.31,943506.4,34.79,0,0.0,Series A,0.0,547369,258.78,159970237.62,2996186,53.39,0,4.72,10.75,0.8,0.9,0.75,1
FT102,Bank,14,2023,2,2023-03-16,South Africa,Crypto Exchange,6.25,0,0,0,1900744.98,-4.84,470617.1,24.76,0,0.0,Series A,0.0,580715,280.63,169715654.68,4584561,37.02,0,3.64,7.76,0.8,0.9,0.75,2
FT102,Bank,15,2023,3,2023-06-14,South Africa,Crypto Exchange,6.5,0,0,0,3419999.86,-12.69,1389579.09,40.63,0,0.0,Series A,0.0,532792,249.22,155710204.23,1905764,81.7,0,5.48,10.76,0.8,0.9,0.75,3
FT102,Bank,16,2023,4,2023-09-12,South Africa,Crypto Exchange,6.75,0,0,0,4562443.89,19.91,1403482.72,30.76,0,0.0,Series A,0.0,731778,379.65,213864399.63,4096376,52.21,0,7.86,14.18,0.8,0.9,0.75,0
FT103,CashWallet,1,2020,1,2020-01-01,Ethiopia,Mobile Money,1.6,0,0,0,114843.36,0.0,39426.92,34.33,0,0.0,Bootstrapped,0.0,45465,54.56,10602167.59,297915,35.59,791,2.4,8.55,0.5,0.55,0.5,1
FT103,CashWallet,2,2020,2,2020-03-31,Ethiopia,Mobile Money,1.85,0,0,0,210115.46,-72.44,55351.76,26.34,0,0.0,Bootstrapped,0.0,32428,10.24,7561997.28,256512,29.48,620,6.69,17.81,0.5,0.55,0.5,2
FT103,CashWallet,3,2020,3,2020-06-29,Ethiopia,Mobile Money,2.1,0,0,0,130107.46,-76.8,55676.36,42.79,0,0.0,Bootstrapped,0.0,27301,-7.19,6366375.81,194435,32.74,153,4.59,12.1,0.5,0.55,0.5,3
FT103,CashWallet,4,2020,4,2020-09-27,Ethiopia,Mobile Money,2.35,0,0,0,128676.72,-72.57,34399.95,26.73,0,0.0,Bootstrapped,0.0,32271,9.71,7525465.39,215441,34.93,204,4.92,19.69,0.5,0.55,0.5,0
FT103,CashWallet,5,2020,1,2020-12-26,Ethiopia,Mobile Money,2.6,0,0,0,272416.25,-62.82,31318.03,11.5,0,0.0,Bootstrapped,0.0,43752,48.74,10202626.82,236229,43.19,869,4.08,9.92,0.5,0.55,0.5,1
FT103,CashWallet,6,2021,2,2021-03-26,Ethiopia,Mobile Money,2.85,0,0,0,167243.44,-60.51,29406.02,17.58,0,0.0,Bootstrapped,0.0,46466,57.96,10835499.03,117749,92.02,672,3.65,15.92,0.5,0.55,0.5,2
FT103,CashWallet,7,2021,3,2021-06-24,Ethiopia,Mobile Money,3.1,0,0,0,242700.77,-63.08,52366.82,21.58,0,0.0,Bootstrapped,0.0,43445,47.69,10131065.95,237071,42.73,465,7.14,13.07,0.5,0.55,0.5,3
FT103,CashWallet,8,2021,4,2021-09-22,Ethiopia,Mobile Money,3.35,0,0,0,175157.45,-62.29,43506.8,24.84,0,0.0,Bootstrapped,0.0,44372,50.85,10347210.98,325481,31.79,565,3.29,10.23,0.5,0.55,0.5,0
FT103,CashWallet,9,2021,1,2021-12-21,Ethiopia,Mobile Money,3.6,0,0,0,292987.54,-58.26,94648.56,32.3,0,0.0,Bootstrapped,0.0,49109,66.95,11451955.18,393029,29.14,381,4.61,11.97,0.5,0.55,0.5,1
FT103,CashWallet,10,2022,2,2022-03-21,Ethiopia,Mobile Money,3.85,0,0,0,282294.66,-54.82,67714.28,23.99,0,0.0,Bootstrapped,0.0,53154,80.7,12395225.13,329313,37.64,758,6.84,10.99,0.5,0.55,0.5,2
FT103,CashWallet,11,2022,3,2022-06-19,Ethiopia,Mobile Money,4.1,0,0,0,245397.19,-57.26,85356.58,34.78,0,0.0,Bootstrapped,0.0,50289,70.96,11727137.99,313841,37.37,777,4.76,17.6,0.5,0.55,0.5,3
FT103,CashWallet,12,2022,4,2022-09-17,Ethiopia,Mobile Money,4.35,0,0,0,346708.79,-46.66,90046.85,25.97,0,0.0,Bootstrapped,0.0,62758,113.35,14634689.13,380842,38.43,1056,4.59,13.64,0.5,0.55,0.5,0
FT103,CashWallet,13,2022,1,2022-12-16,Ethiopia,Mobile Money,4.6,0,0,0,332388.98,-42.48,97129.52,29.22,0,0.0,Bootstrapped,0.0,67679,130.08,15782385.19,214059,73.73,1227,2.99,17.01,0.5,0.55,0.5,1
FT103,CashWallet,14,2023,2,2023-03-16,Ethiopia,Mobile Money,4.85,0,0,0,142989.66,-51.45,44309.13,30.99,0,0.0,Bootstrapped,0.0,57124,94.2,13320992.86,172773,77.1,1033,2.56,6.88,0.5,0.55,0.5,2
FT103,CashWallet,15,2023,3,2023-06-14,Ethiopia,Mobile Money,5.1,0,0,0,179408.74,-51.06,49993.4,27.87,0,0.0,Bootstrapped,0.0,57578,95.74,13426736.38,349075,38.46,608,4.14,9.1,0.5,0.55,0.5,3
FT103,CashWallet,16,2023,4,2023-09-12,Ethiopia,Mobile Money,5.35,0,0,0,400908.28,-36.88,160744.38,40.1,0,0.0,Bootstrapped,0.0,74264,152.46,17317941.2,508194,34.08,797,3.8,15.07,0.5,0.55,0.5,0
FT104,CashFinance,1,2020,1,2020-01-01,Senegal,Digital Lending,4.0,0,0,0,57533.4,0.0,17083.34,29.69,0,0.0,Seed,0.0,51611,44.12,2859497.9,424953,6.73,0,0.62,11.67,0.18,0.65,0.65,1
FT104,CashFinance,2,2020,2,2020-03-31,Senegal,Digital Lending,4.25,0,0,0,53140.89,-68.13,17633.25,33.18,0,0.0,Seed,0.0,45652,27.48,2529332.46,105709,23.93,0,1.67,17.91,0.18,0.65,0.65,2
FT104,CashFinance,3,2020,3,2020-06-29,Senegal,Digital Lending,4.5,0,0,0,24117.1,-74.49,9137.1,37.89,0,0.0,Seed,0.0,36537,2.02,2024312.68,186808,10.84,0,0.89,13.87,0.18,0.65,0.65,3
FT104,CashFinance,4,2020,4,2020-09-27,Senegal,Digital Lending,4.75,0,0,0,64514.53,-71.59,7719.06,11.96,0,0.0,Seed,0.0,40693,13.63,2254608.44,208432,10.82,0,1.05,15.12,0.18,0.65,0.65,0
FT104,CashFinance,5,2020,1,2020-12-26,Senegal,Digital Lending,5.0,0,0,0,78967.13,-64.16,20118.59,25.48,0,0.0,Seed,0.0,51340,43.36,2844472.66,133947,21.24,0,1.68,16.77,0.18,0.65,0.65,1
FT104,CashFinance,6,2021,2,2021-03-26,Senegal,Digital Lending,5.25,0,0,0,35095.48,-63.95,11293.54,32.18,0,0.0,Seed,0.0,51634,44.18,2860741.49,235687,12.14,0,0.41,19.16,0.18,0.65,0.65,2
FT104,CashFinance,7,2021,3,2021-06-24,Senegal,Digital Lending,5.5,0,0,0,52380.99,-68.18,13496.35,25.77,0,0.0,Seed,0.0,45575,27.26,2525095.16,211683,11.93,0,1.28,15.72,0.18,0.65,0.65,3
FT104,CashFinance,8,2021,4,2021-09-22,Senegal,Digital Lending,5.75,0,0,0,64591.27,-61.99,20648.75,31.97,0,0.0,Seed,0.0,54444,52.03,3016467.49,117062,25.77,0,1.69,10.96,0.18,0.65,0.65,0
FT104,CashFinance,9,2021,1,2021-12-21,Senegal,Digital Lending,6.0,0,0,0,44076.41,-50.88,6806.39,15.44,0,0.0,Seed,0.0,70370,96.5,3898806.63,247388,15.76,0,0.64,17.16,0.18,0.65,0.65,1
FT104,CashFinance,10,2022,2,2022-03-21,Senegal,Digital Lending,6.25,0,0,0,55403.96,-54.38,22199.33,40.07,0,0.0,Seed,0.0,65346,82.47,3620468.91,420263,8.61,0,1.18,18.71,0.18,0.65,0.65,2
FT104,CashFinance,11,2022,3,2022-06-19,Senegal,Digital Lending,6.5,0,0,0,90377.18,-55.34,22088.81,24.44,0,0.0,Seed,0.0,63977,78.65,3544620.56,268759,13.19,0,2.01,12.27,0.18,0.65,0.65,3
FT104,CashFinance,12,2022,4,2022-09-17,Senegal,Digital Lending,6.75,0,0,0,81379.66,-54.61,26293.35,32.31,0,0.0,Seed,0.0,65017,81.55,3602249.11,271771,13.25,0,0.99,8.82,0.18,0.65,0.65,0
FT104,CashFinance,13,2022,1,2022-12-16,Senegal,Digital Lending,7.0,0,0,0,86899.32,-58.19,24662.82,28.38,0,0.0,Seed,0.0,59897,67.25,3318588.78,513438,6.46,0,1.53,10.15,0.18,0.65,0.65,1
FT104,CashFinance,14,2023,2,2023-03-16,Senegal,Digital Lending,7.25,0,0,0,40642.79,-78.15,10359.68,25.49,0,0.0,Seed,0.0,31295,-12.61,1733925.35,218073,7.95,0,1.3,9.49,0.18,0.65,0.65,2
FT104,CashFinance,15,2023,3,2023-06-14,Senegal,Digital Lending,7.5,1,1,0,7.61,-99.99,2.99,39.22,0,0.0,Seed,0.0,1000,-97.21,441.26,4212,0.1,0,0.0,38.36,0.18,0.65,0.65,3
FT104,CashFinance,16,2023,4,2023-09-12,Senegal,Digital Lending,7.75,1,1,0,9.65,-99.99,2.27,23.55,0,0.0,Seed,0.0,1000,-97.21,478.92,2791,0.17,0,0.01,54.31,0.18,0.65,0.65,0
FT105,PrimeAfrica,1,2020,1,2020-01-01,Tanzania,Investment Platform,2.4,0,0,0,200118.91,0.0,76714.29,38.33,0,0.0,Bootstrapped,0.0,48588,35.62,11931925.65,162960,73.22,0,4.45,15.7,0.25,0.6,0.6,1
FT105,PrimeAfrica,2,2020,2,2020-03-31,Tanzania,Investment Platform,2.65,0,0,0,167113.1,-72.53,30661.42,18.35,0,0.0,Bootstrapped,0.0,39358,9.86,9665292.86,264473,36.55,0,5.67,14.87,0.25,0.6,0.6,2
FT105,PrimeAfrica,3,2020,3,2020-06-29,Tanzania,Investment Platform,2.9,0,0,0,246641.24,-74.27,64743.78,26.25,0,0.0,Bootstrapped,0.0,36875,2.93,9055520.11,159630,56.73,0,8.98,9.49,0.25,0.6,0.6,3
FT105,PrimeAfrica,4,2020,4,2020-09-27,Tanzania,Investment Platform,3.15,0,0,0,154772.31,-64.72,33363.38,21.56,0,6920014.15,Series A,6920014.15,50563,41.14,12416856.56,275712,45.04,0,2.8,7.55,0.25,0.6,0.6,0
FT105,PrimeAfrica,5,2020,1,2020-12-26,Tanzania,Investment Platform,3.4,0,0,0,212175.19,-65.91,41900.05,19.75,0,0.0,Bootstrapped,0.0,48850,36.35,11996258.68,241450,49.68,0,2.27,17.3,0.25,0.6,0.6,1
FT105,PrimeAfrica,6,2021,2,2021-03-26,Tanzania,Investment Platform,3.65,0,0,0,139014.76,-63.03,41173.42,29.62,0,0.0,Bootstrapped,0.0,52985,47.9,13011600.89,324130,40.14,0,2.54,11.12,0.25,0.6,0.6,2
FT105,PrimeAfrica,7,2021,3,2021-06-24,Tanzania,Investment Platform,3.9,0,0,0,370876.03,-63.57,66389.19,17.9,0,0.0,Bootstrapped,0.0,52198,45.7,12818543.4,115193,111.28,0,4.21,15.61,0.25,0.6,0.6,3
FT105,PrimeAfrica,8,2021,4,2021-09-22,Tanzania,Investment Platform,4.15,0,0,0,193579.8,-51.63,69785.05,36.05,0,4519577.59,Series B,4519577.59,69317,93.48,17022463.94,170025,100.12,0,1.78,7.99,0.25,0.6,0.6,0
FT105,PrimeAfrica,9,2021,1,2021-12-21,Tanzania,Investment Platform,4.4,0,0,0,401485.61,-43.33,192554.8,47.96,0,0.0,Bootstrapped,0.0,81213,126.69,19943573.77,421229,47.35,0,5.16,14.99,0.25,0.6,0.6,1
FT105,PrimeAfrica,10,2022,2,2022-03-21,Tanzania,Investment Platform,4.65,0,0,0,338877.6,-46.03,108502.01,32.02,0,0.0,Bootstrapped,0.0,77340,115.88,18992658.78,435425,43.62,0,5.42,12.25,0.25,0.6,0.6,2
FT105,PrimeAfrica,11,2022,3,2022-06-19,Tanzania,Investment Platform,4.9,0,0,0,372932.83,-48.81,128498.72,34.46,0,0.0,Bootstrapped,0.0,73356,104.76,18014220.16,496881,36.25,0,4.87,7.59,0.25,0.6,0.6,3
FT105,PrimeAfrica,12,2022,4,2022-09-17,Tanzania,Investment Platform,5.15,0,0,0,265068.18,-39.94,76137.8,28.72,0,0.0,Bootstrapped,0.0,86068,140.24,21136018.25,395588,53.43,0,1.76,17.45,0.25,0.6,0.6,0
FT105,PrimeAfrica,13,2022,1,2022-12-16,Tanzania,Investment Platform,5.4,0,0,0,650129.26,-26.74,235807.55,36.27,0,0.0,Bootstrapped,0.0,104987,193.05,25781775.72,485179,53.14,0,5.23,7.71,0.25,0.6,0.6,1
FT105,PrimeAfrica,14,2023,2,2023-03-16,Tanzania,Investment Platform,5.65,0,0,0,273466.73,-29.25,87879.24,32.14,0,0.0,Bootstrapped,0.0,101385,182.99,24897324.22,810027,30.74,0,2.89,7.86,0.25,0.6,0.6,2
FT105,PrimeAfrica,15,2023,3,2023-06-14,Tanzania,Investment Platform,5.9,0,0,0,522142.19,-38.97,80949.84,15.5,0,0.0,Bootstrapped,0.0,87453,144.11,21476033.95,436674,49.18,0,5.3,12.13,0.25,0.6,0.6,3
FT105,PrimeAfrica,16,2023,4,2023-09-12,Tanzania,Investment Platform,6.15,0,0,0,839359.15,-13.43,337650.99,40.23,0,0.0,Bootstrapped,0.0,124060,246.29,30465749.62,820335,37.14,0,6.3,10.06,0.25,0.6,0.6,0
FT106,Pay,1,2020,1,2020-01-01,Rwanda,Insurance Tech,4.2,0,0,0,67986.6,0.0,25819.04,37.98,0,0.0,Bootstrapped,0.0,15962,20.72,5128381.67,57081,89.84,0,3.0,12.55,0.15,0.75,0.7,1
FT106,Pay,2,2020,2,2020-03-31,Rwanda,Insurance Tech,4.45,0,0,0,77950.92,-69.78,18169.25,23.31,0,0.0,Bootstrapped,0.0,15981,20.86,5134442.55,103023,49.84,0,6.15,10.0,0.15,0.75,0.7,2
FT106,Pay,3,2020,3,2020-06-29,Rwanda,Insurance Tech,4.7,0,0,0,145790.2,-68.34,28598.15,19.62,0,0.0,Bootstrapped,0.0,16747,26.65,5380592.21,90532,59.43,0,7.82,13.21,0.15,0.75,0.7,3
FT106,Pay,4,2020,4,2020-09-27,Rwanda,Insurance Tech,4.95,0,0,0,89432.88,-61.18,31584.09,35.32,0,0.0,Bootstrapped,0.0,20534,55.29,6597307.08,121259,54.41,0,4.35,13.09,0.15,0.75,0.7,0
FT106,Pay,5,2020,1,2020-12-26,Rwanda,Insurance Tech,5.2,0,0,0,98290.94,-59.79,32961.52,33.53,0,0.0,Bootstrapped,0.0,21265,60.82,6832134.88,72829,93.81,0,3.25,5.96,0.15,0.75,0.7,1
FT106,Pay,6,2021,2,2021-03-26,Rwanda,Insurance Tech,5.45,0,0,0,223108.75,-55.77,51944.52,23.28,0,0.0,Bootstrapped,0.0,23391,76.9,7515210.13,70841,106.09,0,9.65,12.67,0.15,0.75,0.7,2
FT106,Pay,7,2021,3,2021-06-24,Rwanda,Insurance Tech,5.7,0,0,0,207044.44,-54.27,68040.48,32.86,0,0.0,Bootstrapped,0.0,24189,82.94,7771575.99,79119,98.23,0,11.82,8.44,0.15,0.75,0.7,3
FT106,Pay,8,2021,4,2021-09-22,Rwanda,Insurance Tech,5.95,0,0,0,159378.53,-52.51,47439.18,29.77,0,0.0,Bootstrapped,0.0,25117,89.95,8069780.32,148852,54.21,0,3.43,14.9,0.15,0.75,0.7,0
FT106,Pay,9,2021,1,2021-12-21,Rwanda,Insurance Tech,6.2,0,0,0,235683.1,-28.64,57332.33,24.33,0,0.0,Bootstrapped,0.0,37741,185.43,12125575.32,178649,67.87,0,3.25,6.92,0.15,0.75,0.7,1
FT106,Pay,10,2022,2,2022-03-21,Rwanda,Insurance Tech,6.45,0,0,0,273623.08,-33.84,97086.34,35.48,0,0.0,Bootstrapped,0.0,34991,164.63,11241917.56,204701,54.92,0,6.69,10.45,0.15,0.75,0.7,2
FT106,Pay,11,2022,3,2022-06-19,Rwanda,Insurance Tech,6.7,0,0,0,305793.39,-35.28,78550.41,25.69,0,0.0,Bootstrapped,0.0,34229,158.87,10997315.79,77136,142.57,0,10.46,7.73,0.15,0.75,0.7,3
FT106,Pay,12,2022,4,2022-09-17,Rwanda,Insurance Tech,6.95,0,0,0,140176.24,-20.2,63256.18,45.13,0,0.0,Bootstrapped,0.0,42207,219.2,13560292.74,195430,69.39,0,1.99,12.52,0.15,0.75,0.7,0
FT106,Pay,13,2022,1,2022-12-16,Rwanda,Insurance Tech,7.2,0,0,0,456463.95,-7.06,122460.41,26.83,0,0.0,Bootstrapped,0.0,49155,271.75,15792835.78,153789,102.69,0,4.9,15.03,0.15,0.75,0.7,1
FT106,Pay,14,2023,2,2023-03-16,Rwanda,Insurance Tech,7.45,0,0,0,164115.74,-11.1,68293.5,41.61,0,0.0,Bootstrapped,0.0,47017,255.58,15105738.61,241569,62.53,0,4.08,10.18,0.15,0.75,0.7,2
FT106,Pay,15,2023,3,2023-06-14,Rwanda,Insurance Tech,7.7,0,0,0,168358.55,-17.46,52435.66,31.15,0,0.0,Bootstrapped,0.0,43658,230.17,14026529.86,136329,102.89,0,3.25,7.62,0.15,0.75,0.7,3
FT106,Pay,16,2023,4,2023-09-12,Rwanda,Insurance Tech,7.95,0,0,0,350223.8,7.68,105557.63,30.14,0,0.0,Bootstrapped,0.0,56953,330.72,18297960.07,332423,55.04,0,4.94,11.12,0.15,0.75,0.7,0
FT107,FlashTech,1,2020,1,2020-01-01,Zambia,Mobile Money,1.2,0,0,0,39956.54,0.0,6001.51,15.02,0,0.0,Bootstrapped,0.0,30378,10.7,1883838.14,104204,18.08,342,1.42,7.51,0.2,0.6,0.5,1
FT107,FlashTech,2,2020,2,2020-03-31,Zambia,Mobile Money,1.45,0,0,0,49216.57,-70.94,15632.89,31.76,0,0.0,Bootstrapped,0.0,31893,16.22,1977784.08,210257,9.41,555,1.81,16.18,0.2,0.6,0.5,2
FT107,FlashTech,3,2020,3,2020-06-29,Zambia,Mobile Money,1.7,0,0,0,21001.91,-71.2,5783.75,27.54,0,0.0,Bootstrapped,0.0,31612,15.2,1960323.91,154040,12.73,287,0.76,11.23,0.2,0.6,0.5,3
FT107,FlashTech,4,2020,4,2020-09-27,Zambia,Mobile Money,1.95,0,0,0,36748.87,-67.95,9176.01,24.97,0,0.0,Bootstrapped,0.0,35174,28.18,2181248.16,251426,8.68,191,1.33,7.08,0.2,0.6,0.5,0
FT107,FlashTech,5,2020,1,2020-12-26,Zambia,Mobile Money,2.2,0,0,0,88343.94,-56.2,24210.33,27.4,0,0.0,Bootstrapped,0.0,48077,75.2,2981350.63,331269,9.0,961,2.22,14.64,0.2,0.6,0.5,1
FT107,FlashTech,6,2021,2,2021-03-26,Zambia,Mobile Money,2.45,0,0,0,31413.42,-62.4,5933.43,18.89,0,0.0,Bootstrapped,0.0,41275,50.41,2559550.0,314936,8.13,336,0.76,13.7,0.2,0.6,0.5,2
FT107,FlashTech,7,2021,3,2021-06-24,Zambia,Mobile Money,2.7,0,0,0,46567.13,-58.96,14242.94,30.59,0,0.0,Bootstrapped,0.0,45049,64.17,2793612.98,143747,19.43,558,0.83,7.65,0.2,0.6,0.5,3
FT107,FlashTech,8,2021,4,2021-09-22,Zambia,Mobile Money,2.95,0,0,0,37749.14,-60.16,8545.96,22.64,0,0.0,Bootstrapped,0.0,43732,59.37,2711946.25,99888,27.15,289,1.08,9.34,0.2,0.6,0.5,0
FT107,FlashTech,9,2021,1,2021-12-21,Zambia,Mobile Money,3.2,0,0,0,59668.39,-44.49,22640.06,37.94,0,0.0,Bootstrapped,0.0,60934,122.06,3778667.35,265464,14.23,465,1.25,11.76,0.2,0.6,0.5,1
FT107,FlashTech,10,2022,2,2022-03-21,Zambia,Mobile Money,3.45,0,0,0,87323.43,-45.34,27340.22,31.31,0,0.0,Bootstrapped,0.0,59997,118.64,3720587.78,123797,30.05,796,2.15,6.65,0.2,0.6,0.5,2
FT107,FlashTech,11,2022,3,2022-06-19,Zambia,Mobile Money,3.7,0,0,0,57252.14,-52.14,8805.74,15.38,0,0.0,Bootstrapped,0.0,52534,91.44,3257751.72,165070,19.74,690,1.24,11.86,0.2,0.6,0.5,3
FT107,FlashTech,12,2022,4,2022-09-17,Zambia,Mobile Money,3.95,0,0,0,55072.98,-41.54,17739.73,32.21,0,0.0,Bootstrapped,0.0,64171,133.85,3979402.32,295472,13.47,1055,0.54,6.83,0.2,0.6,0.5,0
FT107,FlashTech,13,2022,1,2022-12-16,Zambia,Mobile Money,4.2,0,0,0,57934.49,-23.75,16616.28,28.68,0,0.0,Bootstrapped,0.0,83691,204.99,5189856.81,657935,7.89,540,0.51,10.52,0.2,0.6,0.5,1
FT107,FlashTech,14,2023,2,2023-03-16,Zambia,Mobile Money,4.45,0,0,0,158591.8,-19.04,17384.26,10.96,0,953229.24,Series C,953229.24,88868,223.85,5510933.17,639409,8.62,641,1.51,15.43,0.2,0.6,0.5,2
FT107,FlashTech,15,2023,3,2023-06-14,Zambia,Mobile Money,4.7,0,0,0,63724.56,-22.44,21238.01,33.33,0,0.0,Bootstrapped,0.0,85132,210.24,5279201.15,366421,14.41,985,0.39,17.33,0.2,0.6,0.5,3
FT107,FlashTech,16,2023,4,2023-09-12,Zambia,Mobile Money,4.95,0,0,0,117537.08,-11.32,32664.08,27.79,0,0.0,Bootstrapped,0.0,97336,254.71,6036019.24,512108,11.79,1666,0.92,15.07,0.2,0.6,0.5,0
FT108,InstantTech,1,2020,1,2020-01-01,Kenya,Mobile Money,9.5,0,0,0,37866.89,0.0,6008.79,15.87,0,0.0,Bootstrapped,0.0,25550,3.71,1659082.72,184005,9.02,434,1.69,12.27,0.4,0.8,0.7,1
FT108,InstantTech,2,2020,2,2020-03-31,Kenya,Mobile Money,9.75,0,0,0,41710.7,-69.65,11656.94,27.95,0,0.0,Bootstrapped,0.0,29909,21.4,1942157.23,209170,9.29,231,1.56,7.71,0.4,0.8,0.7,2
FT108,InstantTech,3,2020,3,2020-06-29,Kenya,Mobile Money,10.0,0,0,0,27951.4,-75.04,8983.08,32.14,0,0.0,Bootstrapped,0.0,24592,-0.18,1596900.74,144170,11.08,254,1.66,15.08,0.4,0.8,0.7,3
FT108,InstantTech,4,2020,4,2020-09-27,Kenya,Mobile Money,10.25,0,0,0,74270.25,-59.14,22495.42,30.29,0,0.0,Bootstrapped,0.0,40265,63.44,2614596.74,285405,9.16,621,2.57,12.77,0.4,0.8,0.7,0
FT108,InstantTech,5,2020,1,2020-12-26,Kenya,Mobile Money,10.5,0,0,0,48668.35,-53.95,7923.42,16.28,0,0.0,Bootstrapped,0.0,45378,84.19,2946612.54,306898,9.6,652,0.96,15.64,0.4,0.8,0.7,1
FT108,InstantTech,6,2021,2,2021-03-26,Kenya,Mobile Money,10.75,0,0,0,44263.35,-52.51,12963.0,29.29,0,0.0,Bootstrapped,0.0,46796,89.95,3038728.74,228036,13.33,657,1.35,14.18,0.4,0.8,0.7,2
FT108,InstantTech,7,2021,3,2021-06-24,Kenya,Mobile Money,11.0,0,0,0,33918.69,-60.52,11126.59,32.8,0,0.0,Bootstrapped,0.0,38907,57.92,2526409.34,72641,34.78,636,0.95,13.47,0.4,0.8,0.7,3
FT108,InstantTech,8,2021,4,2021-09-22,Kenya,Mobile Money,11.25,0,0,0,38938.45,-44.74,10750.57,27.61,0,0.0,Bootstrapped,0.0,54454,121.03,3535992.51,352693,10.03,798,0.48,15.5,0.4,0.8,0.7,0
FT108,InstantTech,9,2021,1,2021-12-21,Kenya,Mobile Money,11.5,0,0,0,82148.38,-40.91,20958.2,25.51,0,0.0,Bootstrapped,0.0,58231,136.36,3781221.29,488321,7.74,320,1.08,10.18,0.4,0.8,0.7,1
FT108,InstantTech,10,2022,2,2022-03-21,Kenya,Mobile Money,11.75,0,0,0,97640.64,-36.73,35808.12,36.67,0,7338387.96,Series B,7338387.96,62346,153.06,4048432.72,153347,26.4,1091,1.4,11.17,0.4,0.8,0.7,2
FT108,InstantTech,11,2022,3,2022-06-19,Kenya,Mobile Money,12.0,0,0,0,83875.8,-33.71,15728.44,18.75,0,0.0,Bootstrapped,0.0,65326,165.16,4241961.99,121868,34.81,1076,1.41,14.98,0.4,0.8,0.7,3
FT108,InstantTech,12,2022,4,2022-09-17,Kenya,Mobile Money,12.25,0,0,0,69544.24,-33.66,21748.06,31.27,0,0.0,Bootstrapped,0.0,65376,165.36,4245185.8,287018,14.79,407,1.43,5.36,0.4,0.8,0.7,0
FT108,InstantTech,13,2022,1,2022-12-16,Kenya,Mobile Money,12.5,0,0,0,104764.39,-9.21,35385.19,33.78,0,0.0,Bootstrapped,0.0,89469,263.16,5809623.97,199208,29.16,1101,0.63,12.14,0.4,0.8,0.7,1
FT108,InstantTech,14,2023,2,2023-03-16,Kenya,Mobile Money,12.75,0,0,0,159597.9,2.19,46906.86,29.39,0,0.0,Bootstrapped,0.0,100704,308.76,6539159.36,710188,9.21,990,0.81,14.11,0.4,0.8,0.7,2
FT108,InstantTech,15,2023,3,2023-06-14,Kenya,Mobile Money,13.0,0,0,0,88873.72,-7.62,20184.57,22.71,0,0.0,Bootstrapped,0.0,91032,269.5,5911165.88,277625,21.29,1583,0.77,13.74,0.4,0.8,0.7,3
FT108,InstantTech,16,2023,4,2023-09-12,Kenya,Mobile Money,13.25,0,0,0,137819.66,16.11,36735.23,26.65,0,0.0,Bootstrapped,0.0,114418,364.42,7429680.52,860609,8.63,1746,1.35,6.86,0.4,0.8,0.7,0
FT109,InstantExpress,1,2020,1,2020-01-01,Nigeria,Digital Lending,2.5,0,0,0,435914.77,0.0,163225.04,37.44,0,0.0,Seed,0.0,201141,17.96,27777466.13,1416759,19.61,0,2.29,16.41,1.0,0.7,0.6,1
FT109,InstantExpress,2,2020,2,2020-03-31,Nigeria,Digital Lending,2.75,0,0,0,656005.4,-70.79,209340.41,31.91,0,0.0,Seed,0.0,199257,16.86,27517177.51,765990,35.92,0,3.24,10.15,1.0,0.7,0.6,2
FT109,InstantExpress,3,2020,3,2020-06-29,Nigeria,Digital Lending,3.0,0,0,0,715849.56,-68.58,143135.31,20.0,0,0.0,Seed,0.0,214306,25.69,29595462.08,635562,46.57,0,1.9,16.19,1.0,0.7,0.6,3
FT109,InstantExpress,4,2020,4,2020-09-27,Nigeria,Digital Lending,3.25,0,0,0,627153.8,-70.14,116071.77,18.51,0,0.0,Seed,0.0,203638,19.43,28122198.13,756044,37.2,0,2.91,6.65,1.0,0.7,0.6,0
FT109,InstantExpress,5,2020,1,2020-12-26,Nigeria,Digital Lending,3.5,0,0,0,817419.92,-60.45,278199.24,34.03,0,0.0,Seed,0.0,269748,58.2,37251943.67,1509022,24.69,0,2.46,11.13,1.0,0.7,0.6,1
FT109,InstantExpress,6,2021,2,2021-03-26,Nigeria,Digital Lending,3.75,0,0,0,790014.35,-60.67,201203.9,25.47,0,0.0,Seed,0.0,268271,57.33,37047963.81,1114257,33.25,0,2.04,11.59,1.0,0.7,0.6,2
FT109,InstantExpress,7,2021,3,2021-06-24,Nigeria,Digital Lending,4.0,0,0,0,986912.35,-60.23,362653.45,36.75,0,0.0,Seed,0.0,271216,59.06,37454648.88,736517,50.85,0,4.14,16.59,1.0,0.7,0.6,3
FT109,InstantExpress,8,2021,4,2021-09-22,Nigeria,Digital Lending,4.25,0,0,0,1261348.96,-46.04,405855.29,32.18,0,0.0,Seed,0.0,368050,115.85,50827329.52,2127072,23.9,0,3.82,6.76,1.0,0.7,0.6,0
FT109,InstantExpress,9,2021,1,2021-12-21,Nigeria,Digital Lending,4.5,0,0,0,967443.65,-50.93,263781.46,27.27,0,0.0,Seed,0.0,334707,96.3,46222745.58,2362111,19.57,0,2.06,13.22,1.0,0.7,0.6,1
FT109,InstantExpress,10,2022,2,2022-03-21,Nigeria,Digital Lending,4.75,0,0,0,1211031.84,-47.4,201364.51,16.63,0,0.0,Seed,0.0,358720,110.38,49538883.82,2272813,21.8,0,2.85,14.09,1.0,0.7,0.6,2
FT109,InstantExpress,11,2022,3,2022-06-19,Nigeria,Digital Lending,5.0,0,0,0,749396.79,-56.16,194874.34,26.0,0,0.0,Seed,0.0,299003,75.36,41292007.36,1430619,28.86,0,1.32,6.62,1.0,0.7,0.6,3
FT109,InstantExpress,12,2022,4,2022-09-17,Nigeria,Digital Lending,5.25,0,0,0,1674658.49,-39.14,484720.65,28.94,0,0.0,Seed,0.0,415121,143.46,57327726.94,2962911,19.35,0,4.69,15.95,1.0,0.7,0.6,0
FT109,InstantExpress,13,2022,1,2022-12-16,Nigeria,Digital Lending,5.5,0,0,0,875994.42,-32.23,250509.92,28.6,0,0.0,Seed,0.0,462246,171.1,63835692.05,2477377,25.77,0,2.32,11.45,1.0,0.7,0.6,1
FT109,InstantExpress,14,2023,2,2023-03-16,Nigeria,Digital Lending,5.75,0,0,0,840156.7,-19.92,279243.34,33.24,0,0.0,Seed,0.0,546167,220.31,75425064.52,1375825,54.82,0,0.78,17.68,1.0,0.7,0.6,2
FT109,InstantExpress,15,2023,3,2023-06-14,Nigeria,Digital Lending,6.0,0,0,0,894989.65,-24.64,177674.66,19.85,0,0.0,Seed,0.0,513990,201.44,70981411.35,2410006,29.45,0,1.77,6.97,1.0,0.7,0.6,3
FT109,InstantExpress,16,2023,4,2023-09-12,Nigeria,Digital Lending,6.25,0,0,0,2092999.12,-21.27,897161.41,42.86,0,0.0,Seed,0.0,536965,214.92,74154342.14,3186937,23.27,0,3.06,13.69,1.0,0.7,0.6,0
FT110,SafeAfrica,1,2020,1,2020-01-01,Ethiopia,Remittance,9.5,0,0,0,443869.79,0.0,96158.25,21.66,0,0.0,Seed,0.0,56028,0.39,17836397.67,141208,126.31,0,5.89,5.48,0.5,0.55,0.5,1
FT110,SafeAfrica,2,2020,2,2020-03-31,Ethiopia,Remittance,9.75,0,0,0,394121.55,-72.02,164839.76,41.82,0,0.0,Seed,0.0,62454,11.91,19882263.66,427953,46.46,0,5.36,13.7,0.5,0.55,0.5,2
FT110,SafeAfrica,3,2020,3,2020-06-29,Ethiopia,Remittance,10.0,0,0,0,256253.88,-74.74,102477.89,39.99,0,0.0,Seed,0.0,56391,1.05,17952165.99,344518,52.11,0,3.73,6.87,0.5,0.55,0.5,3
FT110,SafeAfrica,4,2020,4,2020-09-27,Ethiopia,Remittance,10.25,0,0,0,718629.82,-63.2,151072.02,21.02,0,0.0,Seed,0.0,82151,47.2,26152778.13,387673,67.46,0,5.83,11.29,0.5,0.55,0.5,0
FT110,SafeAfrica,5,2020,1,2020-12-26,Ethiopia,Remittance,10.5,0,0,0,938921.55,-47.21,217732.6,23.19,0,0.0,Seed,0.0,117851,111.17,37517624.58,877346,42.76,0,8.37,6.41,0.5,0.55,0.5,1
FT110,SafeAfrica,6,2021,2,2021-03-26,Ethiopia,Remittance,10.75,0,0,0,418862.6,-58.37,166893.27,39.84,0,6739543.04,Series A,6739543.04,92934,66.53,29585370.08,346932,85.28,0,5.0,12.69,0.5,0.55,0.5,2
FT110,SafeAfrica,7,2021,3,2021-06-24,Ethiopia,Remittance,11.0,0,0,0,355878.71,-60.23,64778.75,18.2,0,0.0,Seed,0.0,88788,59.1,28265580.92,299377,94.41,0,3.37,15.4,0.5,0.55,0.5,3
FT110,SafeAfrica,8,2021,4,2021-09-22,Ethiopia,Remittance,11.25,0,0,0,1004862.55,-45.66,407040.89,40.51,0,0.0,Seed,0.0,121295,117.34,38614234.44,675001,57.21,0,9.82,12.4,0.5,0.55,0.5,0
FT110,SafeAfrica,9,2021,1,2021-12-21,Ethiopia,Remittance,11.5,0,0,0,839024.39,-23.34,214051.02,25.51,0,0.0,Seed,0.0,171139,206.66,54481927.56,1207488,45.12,0,5.13,12.63,0.5,0.55,0.5,1
FT110,SafeAfrica,10,2022,2,2022-03-21,Ethiopia,Remittance,11.75,0,0,0,986824.7,-25.77,242624.42,24.59,0,0.0,Seed,0.0,165714,196.94,52754936.49,1325637,39.8,0,7.33,10.11,0.5,0.55,0.5,2
FT110,SafeAfrica,11,2022,3,2022-06-19,Ethiopia,Remittance,12.0,0,0,0,1352902.01,-31.21,531190.29,39.26,0,0.0,Seed,0.0,153556,175.15,48884378.07,1002967,48.74,0,13.02,12.37,0.5,0.55,0.5,3
FT110,SafeAfrica,12,2022,4,2022-09-17,Ethiopia,Remittance,12.25,0,0,0,479600.94,-35.86,176352.99,36.77,0,0.0,Seed,0.0,143190,156.58,45584426.7,636261,71.64,0,4.2,10.09,0.5,0.55,0.5,0
FT110,SafeAfrica,13,2022,1,2022-12-16,Ethiopia,Remittance,12.5,0,0,0,1070646.49,0.57,160930.32,15.03,0,0.0,Seed,0.0,224502,302.28,71469823.56,921316,77.57,0,3.32,6.75,0.5,0.55,0.5,1
FT110,SafeAfrica,14,2023,2,2023-03-16,Ethiopia,Remittance,12.75,0,0,0,947703.16,-9.53,281613.99,29.72,0,0.0,Seed,0.0,201952,261.87,64291030.19,435444,147.64,0,3.53,9.4,0.5,0.55,0.5,2
FT110,SafeAfrica,15,2023,3,2023-06-14,Ethiopia,Remittance,13.0,0,0,0,1088929.43,-22.6,310654.63,28.53,0,0.0,Seed,0.0,172774,209.59,55002317.01,413271,133.09,0,6.58,5.59,0.5,0.55,0.5,3
FT110,SafeAfrica,16,2023,4,2023-09-12,Ethiopia,Remittance,13.25,0,0,0,793980.77,0.58,190335.25,23.97,0,0.0,Seed,0.0,224532,302.33,71479476.18,1282871,55.72,0,4.67,14.82,0.5,0.55,0.5,0
FT111,PayAfrica,1,2020,1,2020-01-01,Ethiopia,Payment Gateway,10.7,0,0,0,528884.17,0.0,263054.1,49.74,0,0.0,Seed,0.0,106957,30.05,20033068.99,461667,43.39,0,6.24,13.74,0.5,0.55,0.5,1
FT111,PayAfrica,2,2020,2,2020-03-31,Ethiopia,Payment Gateway,10.95,0,0,0,232082.75,-69.52,63325.64,27.29,0,0.0,Seed,0.0,100266,21.91,18779768.59,760032,24.71,0,2.74,10.99,0.5,0.55,0.5,2
FT111,PayAfrica,3,2020,3,2020-06-29,Ethiopia,Payment Gateway,11.2,0,0,0,480981.86,-71.14,112605.39,23.41,0,0.0,Seed,0.0,94945,15.44,17783185.43,437697,40.63,0,4.05,6.6,0.5,0.55,0.5,3
FT111,PayAfrica,4,2020,4,2020-09-27,Ethiopia,Payment Gateway,11.45,0,0,0,223601.93,-65.67,83021.64,37.13,0,0.0,Seed,0.0,112940,37.32,21153652.57,503086,42.05,0,1.08,11.61,0.5,0.55,0.5,0
FT111,PayAfrica,5,2020,1,2020-12-26,Ethiopia,Payment Gateway,11.7,0,0,0,294232.46,-60.17,96794.01,32.9,0,0.0,Seed,0.0,131045,59.34,24544620.69,1104037,22.23,0,1.17,13.41,0.5,0.55,0.5,1
FT111,PayAfrica,6,2021,2,2021-03-26,Ethiopia,Payment Gateway,11.95,0,0,0,664073.28,-56.48,269261.38,40.55,0,0.0,Seed,0.0,143170,74.08,26815711.28,597039,44.91,0,2.65,15.16,0.5,0.55,0.5,2
FT111,PayAfrica,7,2021,3,2021-06-24,Ethiopia,Payment Gateway,12.2,0,0,0,466327.66,-57.64,142106.41,30.47,0,0.0,Seed,0.0,139365,69.45,26102966.81,794991,32.83,0,4.76,9.34,0.5,0.55,0.5,3
FT111,PayAfrica,8,2021,4,2021-09-22,Ethiopia,Payment Gateway,12.45,0,0,0,514075.54,-51.67,153388.34,29.84,0,0.0,Seed,0.0,158995,93.32,29779781.91,800938,37.18,0,3.0,9.63,0.5,0.55,0.5,0
FT111,PayAfrica,9,2021,1,2021-12-21,Ethiopia,Payment Gateway,12.7,0,0,0,779402.15,-34.9,168323.36,21.6,0,0.0,Seed,0.0,214149,160.38,40109927.55,1413509,28.38,0,2.17,5.73,0.5,0.55,0.5,1
FT111,PayAfrica,10,2022,2,2022-03-21,Ethiopia,Payment Gateway,12.95,0,0,0,1036337.86,-36.57,373652.99,36.06,0,0.0,Seed,0.0,208660,153.71,39081916.29,989235,39.51,0,6.64,12.42,0.5,0.55,0.5,2
FT111,PayAfrica,11,2022,3,2022-06-19,Ethiopia,Payment Gateway,13.2,0,0,0,431314.36,-42.34,142817.98,33.11,0,0.0,Seed,0.0,189684,130.64,35527741.42,357880,99.27,0,1.45,7.26,0.5,0.55,0.5,3
FT111,PayAfrica,12,2022,4,2022-09-17,Ethiopia,Payment Gateway,13.45,0,0,0,987224.66,-28.2,335406.19,33.97,0,0.0,Seed,0.0,236193,187.19,44238828.06,1368004,32.34,0,2.49,7.75,0.5,0.55,0.5,0
FT111,PayAfrica,13,2022,1,2022-12-16,Ethiopia,Payment Gateway,13.7,0,0,0,627366.14,-4.52,176200.19,28.09,0,0.0,Seed,0.0,314100,281.92,58830670.94,2023462,29.07,0,1.5,9.51,0.5,0.55,0.5,1
FT111,PayAfrica,14,2023,2,2023-03-16,Ethiopia,Payment Gateway,13.95,0,0,0,1053051.48,-8.75,403320.35,38.3,0,0.0,Seed,0.0,300180,264.99,56223476.19,1763739,31.88,0,5.12,13.85,0.5,0.55,0.5,2
FT111,PayAfrica,15,2023,3,2023-06-14,Ethiopia,Payment Gateway,14.2,0,0,0,611885.16,-24.45,235395.2,38.47,0,0.0,Seed,0.0,248552,202.22,46553672.93,1535923,30.31,0,1.56,6.63,0.5,0.55,0.5,3
FT111,PayAfrica,16,2023,4,2023-09-12,Ethiopia,Payment Gateway,14.45,0,0,0,1003208.28,4.85,296876.49,29.59,0,0.0,Seed,0.0,344932,319.4,64605529.27,1712190,37.73,0,1.78,6.83,0.5,0.55,0.5,0
FT112,MoneyDigital,1,2020,1,2020-01-01,Ethiopia,Mobile Money,6.6,0,0,0,954819.5,0.0,269609.86,28.24,0,0.0,Series A,0.0,96012,15.67,43075952.06,245075,175.77,1506,14.27,5.93,0.5,0.55,0.5,1
FT112,MoneyDigital,2,2020,2,2020-03-31,Ethiopia,Mobile Money,6.85,0,0,0,495373.69,-70.75,83165.21,16.79,0,0.0,Series A,0.0,97106,16.99,43566495.07,306248,142.26,607,3.94,8.38,0.5,0.55,0.5,2
FT112,MoneyDigital,3,2020,3,2020-06-29,Ethiopia,Mobile Money,7.1,0,0,0,914177.13,-75.07,319696.08,34.97,0,0.0,Series A,0.0,82779,-0.27,37138654.86,181615,204.49,1410,11.77,14.72,0.5,0.55,0.5,3
FT112,MoneyDigital,4,2020,4,2020-09-27,Ethiopia,Mobile Money,7.35,0,0,0,1620776.59,-62.26,334421.95,20.63,0,0.0,Series A,0.0,125312,50.97,56221303.0,623155,90.22,1233,11.2,5.73,0.5,0.55,0.5,0
FT112,MoneyDigital,5,2020,1,2020-12-26,Ethiopia,Mobile Money,7.6,0,0,0,982759.76,-49.23,369316.74,37.58,0,0.0,Series A,0.0,168547,103.06,75618276.92,1231274,61.41,1242,8.19,7.67,0.5,0.55,0.5,1
FT112,MoneyDigital,6,2021,2,2021-03-26,Ethiopia,Mobile Money,7.85,0,0,0,1870857.43,-53.51,754904.61,40.35,0,0.0,Series A,0.0,154340,85.95,69244528.8,578530,119.69,967,18.0,11.43,0.5,0.55,0.5,2
FT112,MoneyDigital,7,2021,3,2021-06-24,Ethiopia,Mobile Money,8.1,0,0,0,1741230.27,-55.04,243851.48,14.0,0,0.0,Series A,0.0,149284,79.85,66975995.17,330676,202.54,1475,6.24,12.09,0.5,0.55,0.5,3
FT112,MoneyDigital,8,2021,4,2021-09-22,Ethiopia,Mobile Money,8.35,0,0,0,1262861.68,-55.81,359786.8,28.49,0,1196506.3,Series B,1196506.3,146705,76.75,65818859.66,764249,86.12,1225,4.59,10.53,0.5,0.55,0.5,0
FT112,MoneyDigital,9,2021,1,2021-12-21,Ethiopia,Mobile Money,8.6,0,0,0,1206588.55,-42.51,353079.18,29.26,0,0.0,Series A,0.0,190885,129.98,85640306.47,1364933,62.74,3628,3.4,10.5,0.5,0.55,0.5,1
FT112,MoneyDigital,10,2022,2,2022-03-21,Ethiopia,Mobile Money,8.85,0,0,0,1940864.67,-40.12,708589.64,36.51,0,0.0,Series A,0.0,198811,139.52,89196259.65,1416834,62.95,3650,5.28,6.0,0.5,0.55,0.5,2
FT112,MoneyDigital,11,2022,3,2022-06-19,Ethiopia,Mobile Money,9.1,0,0,0,1194591.49,-44.41,519301.1,43.47,0,0.0,Series A,0.0,184580,122.38,82811671.83,596309,138.87,1322,4.56,7.84,0.5,0.55,0.5,3
FT112,MoneyDigital,12,2022,4,2022-09-17,Ethiopia,Mobile Money,9.35,0,0,0,2646622.06,-29.25,849852.74,32.11,0,0.0,Series A,0.0,234890,182.99,105383143.76,1784715,59.05,2612,8.6,11.3,0.5,0.55,0.5,0
FT112,MoneyDigital,13,2022,1,2022-12-16,Ethiopia,Mobile Money,9.6,0,0,0,4126820.23,-3.0,1517035.65,36.76,0,8853555.76,Series C,8853555.76,322041,287.99,144483132.21,2600153,55.57,2356,17.45,8.71,0.5,0.55,0.5,1
FT112,MoneyDigital,14,2023,2,2023-03-16,Ethiopia,Mobile Money,9.85,0,0,0,1566454.0,-2.47,402502.71,25.7,0,4360110.99,Series C,4360110.99,323807,290.12,145275485.74,1362839,106.6,1771,4.21,7.06,0.5,0.55,0.5,2
FT112,MoneyDigital,15,2023,3,2023-06-14,Ethiopia,Mobile Money,10.1,0,0,0,2205613.97,-4.32,780149.78,35.37,0,0.0,Series A,0.0,317663,282.72,142518719.2,1319783,107.99,4191,5.12,12.38,0.5,0.55,0.5,3
FT112,MoneyDigital,16,2023,4,2023-09-12,Ethiopia,Mobile Money,10.35,0,0,0,4050517.19,6.89,1163268.5,28.72,0,0.0,Series A,0.0,354888,327.56,159219811.16,1756322,90.66,3475,7.43,13.76,0.5,0.55,0.5,0
FT113,DirectTech,1,2020,1,2020-01-01,Ghana,Payment Gateway,6.1,0,0,0,359200.08,0.0,119316.64,33.22,0,0.0,Seed,0.0,51897,12.06,13908020.02,304445,45.68,0,5.96,11.13,0.3,0.65,0.6,1
FT113,DirectTech,2,2020,2,2020-03-31,Ghana,Payment Gateway,6.35,0,0,0,263980.96,-69.83,47371.17,17.94,0,9369356.93,Seed,9369356.93,55893,20.69,14978918.09,275294,54.41,0,4.78,12.78,0.3,0.65,0.6,2
FT113,DirectTech,3,2020,3,2020-06-29,Ghana,Payment Gateway,6.6,0,0,0,196791.61,-70.75,66254.27,33.67,0,0.0,Seed,0.0,54183,16.99,14520798.02,341832,42.48,0,5.06,12.18,0.3,0.65,0.6,3
FT113,DirectTech,4,2020,4,2020-09-27,Ghana,Payment Gateway,6.85,0,0,0,331327.09,-59.86,79538.64,24.01,0,0.0,Seed,0.0,74353,60.54,19926019.0,383136,52.01,0,4.6,11.8,0.3,0.65,0.6,0
FT113,DirectTech,5,2020,1,2020-12-26,Ghana,Payment Gateway,7.1,0,0,0,645112.38,-54.81,247689.35,38.39,0,0.0,Seed,0.0,83712,80.75,22434202.57,500020,44.87,0,9.59,14.96,0.3,0.65,0.6,1
FT113,DirectTech,6,2021,2,2021-03-26,Ghana,Payment Gateway,7.35,0,0,0,212347.22,-57.26,84872.76,39.97,0,0.0,Seed,0.0,79184,70.98,21220709.95,160459,132.25,0,1.94,10.36,0.3,0.65,0.6,2
FT113,DirectTech,7,2021,3,2021-06-24,Ghana,Payment Gateway,7.6,0,0,0,230937.29,-57.3,81910.67,35.47,0,0.0,Seed,0.0,79107,70.81,21200131.86,304701,69.58,0,2.07,11.12,0.3,0.65,0.6,3
FT113,DirectTech,8,2021,4,2021-09-22,Ghana,Payment Gateway,7.85,0,0,0,616607.14,-51.94,66388.14,10.77,0,0.0,Seed,0.0,89040,92.26,23862150.74,705543,33.82,0,8.28,6.5,0.3,0.65,0.6,0
FT113,DirectTech,9,2021,1,2021-12-21,Ghana,Payment Gateway,8.1,0,0,0,844667.7,-29.27,253532.0,30.02,0,0.0,Seed,0.0,131032,182.93,35115505.89,725290,48.42,0,6.19,7.56,0.3,0.65,0.6,1
FT113,DirectTech,10,2022,2,2022-03-21,Ghana,Payment Gateway,8.35,0,0,0,551700.68,-39.46,132590.72,24.03,0,0.0,Seed,0.0,112149,142.15,30054989.0,806631,37.26,0,6.44,11.55,0.3,0.65,0.6,2
FT113,DirectTech,11,2022,3,2022-06-19,Ghana,Payment Gateway,8.6,0,0,0,296875.09,-44.16,75813.06,25.54,0,0.0,Seed,0.0,103439,123.35,27721003.7,686359,40.39,0,4.08,6.94,0.3,0.65,0.6,3
FT113,DirectTech,12,2022,4,2022-09-17,Ghana,Payment Gateway,8.85,0,0,0,912511.31,-27.32,222065.88,24.34,0,0.0,Seed,0.0,134645,190.73,36083818.12,727312,49.61,0,8.52,14.28,0.3,0.65,0.6,0
FT113,DirectTech,13,2022,1,2022-12-16,Ghana,Payment Gateway,9.1,0,0,0,775087.53,-16.47,327539.33,42.26,0,0.0,Seed,0.0,154745,234.13,41470588.37,1358412,30.53,0,3.11,8.32,0.3,0.65,0.6,1
FT113,DirectTech,14,2023,2,2023-03-16,Ghana,Payment Gateway,9.35,0,0,0,1186870.82,0.57,527616.67,44.45,0,0.0,Seed,0.0,186315,302.29,49930948.71,432297,115.5,0,3.59,8.17,0.3,0.65,0.6,2
FT113,DirectTech,15,2023,3,2023-06-14,Ghana,Payment Gateway,9.6,0,0,0,1263014.75,-7.55,520115.98,41.18,0,0.0,Seed,0.0,171261,269.79,45896635.3,1117992,41.05,0,9.43,6.07,0.3,0.65,0.6,3
FT113,DirectTech,16,2023,4,2023-09-12,Ghana,Payment Gateway,9.85,0,0,0,802487.33,8.07,203162.4,25.32,0,0.0,Seed,0.0,200197,332.27,53651126.25,1069086,50.18,0,5.36,11.41,0.3,0.65,0.6,0
FT114,Money,1,2020,1,2020-01-01,Uganda,Payment Gateway,4.0,0,0,0,337944.18,0.0,82955.48,24.55,0,0.0,Series A,0.0,41700,18.81,14197768.01,255583,55.55,0,8.05,9.94,0.2,0.6,0.55,1
FT114,Money,2,2020,2,2020-03-31,Uganda,Payment Gateway,4.25,0,0,0,387916.15,-70.0,140406.96,36.2,0,0.0,Series A,0.0,42112,19.98,14338198.05,203469,70.47,0,4.77,14.26,0.2,0.6,0.55,2
FT114,Money,3,2020,3,2020-06-29,Uganda,Payment Gateway,4.5,0,0,0,146242.89,-72.01,56844.55,38.87,0,0.0,Series A,0.0,39302,11.98,13381206.18,240247,55.7,0,3.12,16.71,0.2,0.6,0.55,3
FT114,Money,4,2020,4,2020-09-27,Uganda,Payment Gateway,4.75,0,0,0,369012.82,-72.11,90187.43,24.44,0,0.0,Series A,0.0,39158,11.57,13332333.85,272245,48.97,0,6.92,14.84,0.2,0.6,0.55,0
FT114,Money,5,2020,1,2020-12-26,Uganda,Payment Gateway,5.0,0,0,0,358245.64,-62.78,77605.48,21.66,0,0.0,Series A,0.0,52259,48.89,17792860.59,244998,72.62,0,9.66,10.5,0.2,0.6,0.55,1
FT114,Money,6,2021,2,2021-03-26,Uganda,Payment Gateway,5.25,0,0,0,608639.41,-55.49,186909.68,30.71,0,0.0,Series A,0.0,62493,78.05,21277314.11,404844,52.56,0,9.51,10.39,0.2,0.6,0.55,2
FT114,Money,7,2021,3,2021-06-24,Uganda,Payment Gateway,5.5,0,0,0,387226.58,-57.45,109467.51,28.27,0,0.0,Series A,0.0,59742,70.21,20340550.44,143798,141.45,0,6.34,6.74,0.2,0.6,0.55,3
FT114,Money,8,2021,4,2021-09-22,Uganda,Payment Gateway,5.75,0,0,0,569336.11,-50.25,143236.05,25.16,0,0.0,Series A,0.0,69841,98.99,23778984.49,468756,50.73,0,8.62,11.89,0.2,0.6,0.55,0
FT114,Money,9,2021,1,2021-12-21,Uganda,Payment Gateway,6.0,0,0,0,480708.52,-37.32,209599.19,43.6,0,0.0,Series A,0.0,88002,150.73,29962222.18,448954,66.74,0,5.69,12.29,0.2,0.6,0.55,1
FT114,Money,10,2022,2,2022-03-21,Uganda,Payment Gateway,6.25,0,0,0,409489.33,-51.77,101924.5,24.89,0,0.0,Series A,0.0,67706,92.9,23052132.7,382635,60.25,0,9.0,10.48,0.2,0.6,0.55,2
FT114,Money,11,2022,3,2022-06-19,Uganda,Payment Gateway,6.5,0,0,0,700427.52,-45.79,78478.92,11.2,0,0.0,Series A,0.0,76113,116.86,25914379.16,405532,63.9,0,9.9,10.61,0.2,0.6,0.55,3
FT114,Money,12,2022,4,2022-09-17,Uganda,Payment Gateway,6.75,0,0,0,437043.84,-30.47,64182.64,14.69,0,0.0,Series A,0.0,97622,178.14,33237651.19,525489,63.25,0,3.49,7.15,0.2,0.6,0.55,0
FT114,Money,13,2022,1,2022-12-16,Uganda,Payment Gateway,7.0,0,0,0,812669.16,-27.41,210467.1,25.9,0,9353263.14,Series C,9353263.14,101916,190.37,34699423.55,836012,41.51,0,8.99,16.67,0.2,0.6,0.55,1
FT114,Money,14,2023,2,2023-03-16,Uganda,Payment Gateway,7.25,0,0,0,1043182.33,-9.83,378060.6,36.24,0,0.0,Series A,0.0,126597,260.69,43102757.68,661360,65.17,0,10.54,14.17,0.2,0.6,0.55,2
FT114,Money,15,2023,3,2023-06-14,Uganda,Payment Gateway,7.5,0,0,0,626115.5,-21.86,179161.93,28.61,0,0.0,Series A,0.0,109709,212.57,37352782.46,605827,61.66,0,5.3,9.21,0.2,0.6,0.55,3
FT114,Money,16,2023,4,2023-09-12,Uganda,Payment Gateway,7.75,0,0,0,597085.41,-1.03,95861.52,16.05,0,0.0,Series A,0.0,138950,295.89,47308451.86,816081,57.97,0,5.84,9.59,0.2,0.6,0.55,0
FT115,QuickAfrica,1,2020,1,2020-01-01,Zambia,Digital Banking,5.0,0,0,0,91905.58,0.0,26819.2,29.18,0,0.0,Seed,0.0,15407,7.4,4355362.6,106549,40.88,0,7.36,11.54,0.2,0.6,0.5,1
FT115,QuickAfrica,2,2020,2,2020-03-31,Zambia,Digital Banking,5.25,0,0,0,83664.85,-67.87,29400.99,35.14,0,0.0,Seed,0.0,18434,28.5,5210986.77,103712,50.24,0,4.04,13.52,0.2,0.6,0.5,2
FT115,QuickAfrica,3,2020,3,2020-06-29,Zambia,Digital Banking,5.5,0,0,0,82393.91,-72.14,35712.93,43.34,0,0.0,Seed,0.0,15984,11.42,4518376.3,58009,77.89,0,7.71,14.26,0.2,0.6,0.5,3
FT115,QuickAfrica,4,2020,4,2020-09-27,Zambia,Digital Banking,5.75,0,0,0,58394.84,-65.4,15667.57,26.83,0,0.0,Seed,0.0,19854,38.4,5612196.6,50125,111.96,0,4.19,12.67,0.2,0.6,0.5,0
FT115,QuickAfrica,5,2020,1,2020-12-26,Zambia,Digital Banking,6.0,0,0,0,150873.15,-56.95,44674.38,29.61,0,0.0,Seed,0.0,24704,72.21,6983372.43,210190,33.22,0,7.54,16.46,0.2,0.6,0.5,1
FT115,QuickAfrica,6,2021,2,2021-03-26,Zambia,Digital Banking,6.25,0,0,0,157589.81,-62.34,66704.8,42.33,0,0.0,Seed,0.0,21611,50.64,6108852.38,124780,48.96,0,4.93,13.09,0.2,0.6,0.5,2
FT115,QuickAfrica,7,2021,3,2021-06-24,Zambia,Digital Banking,6.5,0,0,0,133655.63,-57.25,44705.52,33.45,0,0.0,Seed,0.0,24529,70.99,6933874.76,151191,45.86,0,6.12,6.18,0.2,0.6,0.5,3
FT115,QuickAfrica,8,2021,4,2021-09-22,Zambia,Digital Banking,6.75,0,0,0,116642.74,-56.17,34786.71,29.82,0,0.0,Seed,0.0,25150,75.31,7109224.11,52909,134.37,0,3.52,9.52,0.2,0.6,0.5,0
FT115,QuickAfrica,9,2021,1,2021-12-21,Zambia,Digital Banking,7.0,0,0,0,215644.34,-42.5,62687.97,29.07,0,0.0,Seed,0.0,32992,129.98,9326071.85,182032,51.23,0,5.49,13.08,0.2,0.6,0.5,1
FT115,QuickAfrica,10,2022,2,2022-03-21,Zambia,Digital Banking,7.25,0,0,0,139032.6,-45.99,55114.6,39.64,0,0.0,Seed,0.0,30991,116.03,8760409.69,171887,50.97,0,5.06,16.31,0.2,0.6,0.5,2
FT115,QuickAfrica,11,2022,3,2022-06-19,Zambia,Digital Banking,7.5,0,0,0,213814.55,-46.37,71118.39,33.26,0,0.0,Seed,0.0,30772,114.5,8698454.33,126792,68.6,0,9.8,16.82,0.2,0.6,0.5,3
FT115,QuickAfrica,12,2022,4,2022-09-17,Zambia,Digital Banking,7.75,0,0,0,252639.14,-44.61,104485.9,41.36,0,7215021.4,Series C,7215021.4,31783,121.55,8984399.52,211025,42.58,0,11.43,7.92,0.2,0.6,0.5,0
FT115,QuickAfrica,13,2022,1,2022-12-16,Zambia,Digital Banking,8.0,0,0,0,322957.95,-13.2,76543.17,23.7,0,0.0,Seed,0.0,49810,247.21,14080091.83,414531,33.97,0,6.76,10.19,0.2,0.6,0.5,1
FT115,QuickAfrica,14,2023,2,2023-03-16,Zambia,Digital Banking,8.25,0,0,0,323492.24,-19.05,64783.1,20.03,0,0.0,Seed,0.0,46453,223.81,13131173.42,93303,140.74,0,7.12,9.92,0.2,0.6,0.5,2
FT115,QuickAfrica,15,2023,3,2023-06-14,Zambia,Digital Banking,8.5,0,0,0,138740.45,-26.27,48142.79,34.7,0,0.0,Seed,0.0,42308,194.92,11959531.77,104429,114.52,0,3.33,17.1,0.2,0.6,0.5,3
FT115,QuickAfrica,16,2023,4,2023-09-12,Zambia,Digital Banking,8.75,0,0,0,300751.79,-14.44,78627.97,26.14,0,0.0,Seed,0.0,49097,242.24,13878338.1,115279,120.39,0,4.66,15.65,0.2,0.6,0.5,0
FT116,PayExpress,1,2020,1,2020-01-01,Rwanda,Crypto Exchange,5.2,0,0,0,18311.58,0.0,6794.3,37.1,0,0.0,Bootstrapped,0.0,17062,40.11,982393.76,66179,14.84,0,0.98,9.66,0.15,0.75,0.7,1
FT116,PayExpress,2,2020,2,2020-03-31,Rwanda,Crypto Exchange,5.45,0,0,0,10503.83,-73.32,3915.06,37.27,0,0.0,Bootstrapped,0.0,12995,6.71,748198.79,32873,22.76,0,1.17,6.02,0.15,0.75,0.7,2
FT116,PayExpress,3,2020,3,2020-06-29,Rwanda,Crypto Exchange,5.7,0,0,0,24384.33,-68.34,10990.93,45.07,0,0.0,Bootstrapped,0.0,15421,26.63,887891.36,70746,12.55,0,1.34,5.43,0.15,0.75,0.7,3
FT116,PayExpress,4,2020,4,2020-09-27,Rwanda,Crypto Exchange,5.95,0,0,0,20461.97,-54.92,7000.35,34.21,0,0.0,Bootstrapped,0.0,21956,80.3,1264135.23,77027,16.41,0,0.92,10.07,0.15,0.75,0.7,0
FT116,PayExpress,5,2020,1,2020-12-26,Rwanda,Crypto Exchange,6.2,0,0,0,23092.07,-55.75,5388.93,23.34,0,0.0,Bootstrapped,0.0,21554,77.0,1240985.19,160616,7.73,0,0.79,7.34,0.15,0.75,0.7,1
FT116,PayExpress,6,2021,2,2021-03-26,Rwanda,Crypto Exchange,6.45,0,0,0,36304.96,-53.78,11077.59,30.51,0,0.0,Bootstrapped,0.0,22515,84.89,1296349.24,112066,11.57,0,2.06,11.17,0.15,0.75,0.7,2
FT116,PayExpress,7,2021,3,2021-06-24,Rwanda,Crypto Exchange,6.7,0,0,0,30997.8,-55.02,9206.77,29.7,0,0.0,Bootstrapped,0.0,21911,79.93,1261544.79,111772,11.29,0,1.05,12.75,0.15,0.75,0.7,3
FT116,PayExpress,8,2021,4,2021-09-22,Rwanda,Crypto Exchange,6.95,0,0,0,34616.71,-47.84,11297.77,32.64,0,0.0,Bootstrapped,0.0,25405,108.62,1462747.94,130286,11.23,0,1.49,8.3,0.15,0.75,0.7,0
FT116,PayExpress,9,2021,1,2021-12-21,Rwanda,Crypto Exchange,7.2,0,0,0,31040.6,-30.88,7097.5,22.87,0,0.0,Bootstrapped,0.0,33669,176.48,1938533.9,131829,14.7,0,1.09,9.37,0.15,0.75,0.7,1
FT116,PayExpress,10,2022,2,2022-03-21,Rwanda,Crypto Exchange,7.45,0,0,0,28499.56,-32.69,9408.21,33.01,0,0.0,Bootstrapped,0.0,32789,169.26,1887843.91,143259,13.18,0,1.25,13.93,0.15,0.75,0.7,2
FT116,PayExpress,11,2022,3,2022-06-19,Rwanda,Crypto Exchange,7.7,0,0,0,20361.51,-30.41,6679.85,32.81,0,0.0,Bootstrapped,0.0,33897,178.36,1951675.7,89946,21.7,0,0.71,13.16,0.15,0.75,0.7,3
FT116,PayExpress,12,2022,4,2022-09-17,Rwanda,Crypto Exchange,7.95,0,0,0,48790.94,-25.9,15798.06,32.38,0,0.0,Bootstrapped,0.0,36095,196.4,2078217.14,125423,16.57,0,1.62,7.61,0.15,0.75,0.7,0
FT116,PayExpress,13,2022,1,2022-12-16,Rwanda,Crypto Exchange,8.2,0,0,0,63352.03,-8.13,24326.69,38.4,0,0.0,Bootstrapped,0.0,44749,267.47,2576450.61,148445,17.36,0,1.11,9.22,0.15,0.75,0.7,1
FT116,PayExpress,14,2023,2,2023-03-16,Rwanda,Crypto Exchange,8.45,0,0,0,32356.57,-15.07,13521.43,41.79,0,0.0,Bootstrapped,0.0,41370,239.72,2381927.47,285193,8.35,0,0.82,9.16,0.15,0.75,0.7,2
FT116,PayExpress,15,2023,3,2023-06-14,Rwanda,Crypto Exchange,8.7,0,0,0,59958.54,-27.1,12024.66,20.05,0,0.0,Bootstrapped,0.0,35511,191.61,2044585.37,188099,10.87,0,0.9,6.99,0.15,0.75,0.7,3
FT116,PayExpress,16,2023,4,2023-09-12,Rwanda,Crypto Exchange,8.95,0,0,0,44916.64,-1.9,17699.72,39.41,0,0.0,Bootstrapped,0.0,47783,292.38,2751119.16,208847,13.17,0,0.59,8.36,0.15,0.75,0.7,0
FT117,LinkAfrica,1,2020,1,2020-01-01,Senegal,Digital Lending,15.0,0,0,0,111314.1,0.0,34259.76,30.78,0,0.0,Series B,0.0,40506,26.12,7531139.05,203315,37.04,0,1.96,7.91,0.18,0.65,0.65,1
FT117,LinkAfrica,2,2020,2,2020-03-31,Senegal,Digital Lending,15.25,0,0,0,145931.33,-67.51,40404.92,27.69,0,0.0,Series B,0.0,41736,29.95,7759720.99,303779,25.54,0,3.66,12.59,0.18,0.65,0.65,2
FT117,LinkAfrica,3,2020,3,2020-06-29,Senegal,Digital Lending,15.5,0,0,0,89071.3,-72.49,15623.57,17.54,0,0.0,Series B,0.0,35345,10.05,6571544.74,84911,77.39,0,2.66,14.53,0.18,0.65,0.65,3
FT117,LinkAfrica,4,2020,4,2020-09-27,Senegal,Digital Lending,15.75,0,0,0,186384.35,-66.94,53314.85,28.6,0,0.0,Series B,0.0,42471,32.24,7896309.29,196840,40.12,0,4.96,10.48,0.18,0.65,0.65,0
FT117,LinkAfrica,5,2020,1,2020-12-26,Senegal,Digital Lending,16.0,0,0,0,195472.34,-63.91,58800.91,30.08,0,0.0,Series B,0.0,46368,44.38,8620916.29,304471,28.31,0,2.22,12.2,0.18,0.65,0.65,1
FT117,LinkAfrica,6,2021,2,2021-03-26,Senegal,Digital Lending,16.25,0,0,0,159089.6,-68.16,42376.62,26.64,0,0.0,Series B,0.0,40896,27.34,7603615.1,267923,28.38,0,2.16,12.72,0.18,0.65,0.65,2
FT117,LinkAfrica,7,2021,3,2021-06-24,Senegal,Digital Lending,16.5,0,0,0,212328.48,-69.28,64723.78,30.48,0,0.0,Series B,0.0,39467,22.89,7337917.54,276423,26.55,0,7.08,14.47,0.18,0.65,0.65,3
FT117,LinkAfrica,8,2021,4,2021-09-22,Senegal,Digital Lending,16.75,0,0,0,236139.21,-60.87,58724.48,24.87,0,0.0,Series B,0.0,50274,56.54,9347054.94,100624,92.89,0,6.62,13.14,0.18,0.65,0.65,0
FT117,LinkAfrica,9,2021,1,2021-12-21,Senegal,Digital Lending,17.0,0,0,0,283506.26,-57.48,93549.62,33.0,0,0.0,Series B,0.0,54620,70.07,10155203.53,186052,54.58,0,6.39,17.33,0.18,0.65,0.65,1
FT117,LinkAfrica,10,2022,2,2022-03-21,Senegal,Digital Lending,17.25,0,0,0,193784.45,-59.63,48773.81,25.17,0,0.0,Series B,0.0,51857,61.47,9641392.44,118695,81.23,0,4.92,11.22,0.18,0.65,0.65,2
FT117,LinkAfrica,11,2022,3,2022-06-19,Senegal,Digital Lending,17.5,0,0,0,111016.56,-57.23,38981.55,35.11,0,0.0,Series B,0.0,54947,71.09,10216017.1,179280,56.98,0,2.33,12.02,0.18,0.65,0.65,3
FT117,LinkAfrica,12,2022,4,2022-09-17,Senegal,Digital Lending,17.75,0,0,0,140090.84,-46.95,47428.61,33.86,0,0.0,Series B,0.0,68154,112.21,12671405.64,402973,31.44,0,2.62,11.59,0.18,0.65,0.65,0
FT117,LinkAfrica,13,2022,1,2022-12-16,Senegal,Digital Lending,18.0,0,0,0,226138.84,-33.8,60901.72,26.93,0,0.0,Series B,0.0,85041,164.79,15811025.48,727814,21.72,0,1.86,13.13,0.18,0.65,0.65,1
FT117,LinkAfrica,14,2023,2,2023-03-16,Senegal,Digital Lending,18.25,0,0,0,319020.08,-34.9,141661.44,44.41,0,0.0,Series B,0.0,83628,160.39,15548409.45,340960,45.6,0,3.19,8.75,0.18,0.65,0.65,2
FT117,LinkAfrica,15,2023,3,2023-06-14,Senegal,Digital Lending,18.5,0,0,0,278811.74,-46.01,70378.39,25.24,0,0.0,Series B,0.0,69352,115.94,12894245.88,480774,26.82,0,3.95,13.78,0.18,0.65,0.65,3
FT117,LinkAfrica,16,2023,4,2023-09-12,Senegal,Digital Lending,18.75,0,0,0,383455.42,-34.91,127441.03,33.23,0,0.0,Series B,0.0,83616,160.36,15546183.9,413963,37.55,0,5.07,12.69,0.18,0.65,0.65,0
FT118,DirectAfrica,1,2020,1,2020-01-01,Zambia,Crypto Exchange,2.3,0,0,0,28541.2,0.0,5873.32,20.58,0,0.0,Series A,0.0,7375,30.6,1681871.23,19929,84.39,0,5.21,13.53,0.2,0.6,0.5,1
FT118,DirectAfrica,2,2020,2,2020-03-31,Zambia,Crypto Exchange,2.55,0,0,0,42227.7,-72.24,10086.94,23.89,0,0.0,Series A,0.0,6270,11.03,1429908.79,31287,45.7,0,5.56,7.23,0.2,0.6,0.5,2
FT118,DirectAfrica,3,2020,3,2020-06-29,Zambia,Crypto Exchange,2.8,0,0,0,36651.24,-74.06,10433.37,28.47,0,2547260.98,Seed,2547260.98,5860,3.77,1336312.45,40325,33.14,0,3.28,17.09,0.2,0.6,0.5,3
FT118,DirectAfrica,4,2020,4,2020-09-27,Zambia,Crypto Exchange,3.05,0,0,0,41805.88,-70.36,13605.78,32.55,0,0.0,Series A,0.0,6695,18.56,1526824.07,19240,79.36,0,7.04,19.08,0.2,0.6,0.5,0
FT118,DirectAfrica,5,2020,1,2020-12-26,Zambia,Crypto Exchange,3.3,0,0,0,26745.33,-67.98,4022.56,15.04,0,0.0,Series A,0.0,7233,28.08,1649395.43,43953,37.53,0,3.41,15.23,0.2,0.6,0.5,1
FT118,DirectAfrica,6,2021,2,2021-03-26,Zambia,Crypto Exchange,3.55,0,0,0,20718.95,-61.97,4866.59,23.49,0,0.0,Series A,0.0,8590,52.11,1958813.23,34786,56.31,0,1.41,18.86,0.2,0.6,0.5,2
FT118,DirectAfrica,7,2021,3,2021-06-24,Zambia,Crypto Exchange,3.8,0,0,0,32102.51,-71.07,9398.96,29.28,0,0.0,Series A,0.0,6534,15.71,1490087.6,22243,66.99,0,4.01,17.46,0.2,0.6,0.5,3
FT118,DirectAfrica,8,2021,4,2021-09-22,Zambia,Crypto Exchange,4.05,0,0,0,45059.19,-65.9,10390.48,23.06,0,0.0,Series A,0.0,7703,36.41,1756527.98,23509,74.72,0,6.83,7.9,0.2,0.6,0.5,0
FT118,DirectAfrica,9,2021,1,2021-12-21,Zambia,Crypto Exchange,4.3,0,0,0,26100.38,-56.03,3161.42,12.11,0,0.0,Series A,0.0,9931,75.86,2264669.05,70312,32.21,0,2.58,16.91,0.2,0.6,0.5,1
FT118,DirectAfrica,10,2022,2,2022-03-21,Zambia,Crypto Exchange,4.55,0,0,0,37237.04,-63.61,4678.41,12.56,0,0.0,Series A,0.0,8220,45.56,1874477.6,32634,57.44,0,3.45,9.98,0.2,0.6,0.5,2
FT118,DirectAfrica,11,2022,3,2022-06-19,Zambia,Crypto Exchange,4.8,0,0,0,33100.14,-63.25,7393.5,22.34,0,0.0,Series A,0.0,8302,47.01,1893139.91,29027,65.22,0,5.24,7.25,0.2,0.6,0.5,3
FT118,DirectAfrica,12,2022,4,2022-09-17,Zambia,Crypto Exchange,5.05,0,0,0,49373.54,-62.83,13713.8,27.78,0,0.0,Series A,0.0,8396,48.68,1914618.84,19196,99.74,0,4.44,15.51,0.2,0.6,0.5,0
FT118,DirectAfrica,13,2022,1,2022-12-16,Zambia,Crypto Exchange,5.3,0,0,0,73216.72,-31.5,15786.37,21.56,0,0.0,Series A,0.0,15472,173.98,3528093.03,119105,29.62,0,6.67,9.78,0.2,0.6,0.5,1
FT118,DirectAfrica,14,2023,2,2023-03-16,Zambia,Crypto Exchange,5.55,0,0,0,69284.88,-49.9,22090.65,31.88,0,0.0,Series A,0.0,11316,100.39,2580495.89,58234,44.31,0,8.01,15.15,0.2,0.6,0.5,2
FT118,DirectAfrica,15,2023,3,2023-06-14,Zambia,Crypto Exchange,5.8,0,0,0,54513.45,-53.33,12793.07,23.47,0,0.0,Series A,0.0,10542,86.68,2403903.18,57794,41.59,0,5.2,7.66,0.2,0.6,0.5,3
FT118,DirectAfrica,16,2023,4,2023-09-12,Zambia,Crypto Exchange,6.05,0,0,0,33132.04,-52.5,7740.23,23.36,0,0.0,Series A,0.0,10729,89.99,2446553.63,80818,30.27,0,3.17,10.09,0.2,0.6,0.5,0
FT119,InstantMoney,1,2020,1,2020-01-01,Ghana,Payment Gateway,6.9,0,0,0,339916.97,0.0,64148.68,18.87,0,0.0,Bootstrapped,0.0,63222,36.54,19216752.83,368258,52.18,0,4.38,9.33,0.3,0.65,0.6,1
FT119,InstantMoney,2,2020,2,2020-03-31,Ghana,Payment Gateway,7.15,0,0,0,211273.26,-67.28,63688.07,30.14,0,0.0,Bootstrapped,0.0,60593,30.86,18417678.79,279478,65.9,0,3.01,11.69,0.3,0.65,0.6,2
FT119,InstantMoney,3,2020,3,2020-06-29,Ghana,Payment Gateway,7.4,0,0,0,382421.5,-71.83,154259.55,40.34,0,0.0,Bootstrapped,0.0,52168,12.67,15856767.91,366943,43.21,0,4.89,5.73,0.3,0.65,0.6,3
FT119,InstantMoney,4,2020,4,2020-09-27,Ghana,Payment Gateway,7.65,0,0,0,429143.76,-63.38,83419.72,19.44,0,0.0,Bootstrapped,0.0,67828,46.49,20616682.48,502803,41.0,0,8.75,15.41,0.3,0.65,0.6,0
FT119,InstantMoney,5,2020,1,2020-12-26,Ghana,Payment Gateway,7.9,0,0,0,298582.65,-53.53,67569.27,22.63,0,0.0,Bootstrapped,0.0,86068,85.88,26160793.2,600213,43.59,0,3.03,11.39,0.3,0.65,0.6,1
FT119,InstantMoney,6,2021,2,2021-03-26,Ghana,Payment Gateway,8.15,0,0,0,405898.77,-56.67,155530.93,38.32,0,0.0,Bootstrapped,0.0,80244,73.3,24390749.11,166355,146.62,0,3.57,10.79,0.3,0.65,0.6,2
FT119,InstantMoney,7,2021,3,2021-06-24,Ghana,Payment Gateway,8.4,0,0,0,272687.1,-58.18,102601.68,37.63,0,0.0,Bootstrapped,0.0,77452,67.27,23542066.26,353133,66.67,0,3.7,11.46,0.3,0.65,0.6,3
FT119,InstantMoney,8,2021,4,2021-09-22,Ghana,Payment Gateway,8.65,0,0,0,620615.24,-48.65,116574.04,18.78,0,0.0,Bootstrapped,0.0,95111,105.41,28909477.22,206763,139.82,0,7.13,12.31,0.3,0.65,0.6,0
FT119,InstantMoney,9,2021,1,2021-12-21,Ghana,Payment Gateway,8.9,0,0,0,889207.58,-32.99,183373.5,20.62,0,0.0,Bootstrapped,0.0,124105,168.03,37722179.28,791870,47.64,0,6.28,14.67,0.3,0.65,0.6,1
FT119,InstantMoney,10,2022,2,2022-03-21,Ghana,Payment Gateway,9.15,0,0,0,917621.07,-32.02,153975.77,16.78,0,0.0,Bootstrapped,0.0,125913,171.93,38271826.63,264761,144.55,0,8.65,5.61,0.3,0.65,0.6,2
FT119,InstantMoney,11,2022,3,2022-06-19,Ghana,Payment Gateway,9.4,0,0,0,541317.18,-40.8,194878.53,36.0,0,0.0,Bootstrapped,0.0,109650,136.81,33328565.77,461484,72.22,0,5.6,13.79,0.3,0.65,0.6,3
FT119,InstantMoney,12,2022,4,2022-09-17,Ghana,Payment Gateway,9.65,0,0,0,664182.96,-17.35,154460.35,23.26,0,0.0,Bootstrapped,0.0,153081,230.61,46529583.22,579033,80.36,0,2.24,14.21,0.3,0.65,0.6,0
FT119,InstantMoney,13,2022,1,2022-12-16,Ghana,Payment Gateway,9.9,0,0,0,1193621.43,13.67,481858.42,40.37,0,0.0,Bootstrapped,0.0,210536,354.7,63993261.9,590143,108.44,0,7.44,13.06,0.3,0.65,0.6,1
FT119,InstantMoney,14,2023,2,2023-03-16,Ghana,Payment Gateway,10.15,0,0,0,1119680.91,-4.32,246326.21,22.0,0,0.0,Bootstrapped,0.0,177201,282.7,53860944.4,982756,54.81,0,4.76,7.67,0.3,0.65,0.6,2
FT119,InstantMoney,15,2023,3,2023-06-14,Ghana,Payment Gateway,10.4,0,0,0,1426769.55,-4.73,323605.13,22.68,0,0.0,Bootstrapped,0.0,176458,281.1,53635316.86,324959,165.05,0,6.97,15.07,0.3,0.65,0.6,3
FT119,InstantMoney,16,2023,4,2023-09-12,Ghana,Payment Gateway,10.65,0,0,0,1213296.65,37.18,459561.14,37.88,0,0.0,Bootstrapped,0.0,254073,448.72,77226628.06,1823109,42.36,0,5.65,15.4,0.3,0.65,0.6,0
FT120,PayAfrica,1,2020,1,2020-01-01,Senegal,Digital Banking,1.3,0,0,0,18721.93,0.0,7380.52,39.42,0,0.0,Seed,0.0,17152,20.66,1337931.47,144336,9.27,0,0.91,16.74,0.18,0.65,0.65,1
FT120,PayAfrica,2,2020,2,2020-03-31,Senegal,Digital Banking,1.55,0,0,0,31291.05,-69.63,10030.77,32.06,0,0.0,Seed,0.0,17267,21.47,1346915.23,119755,11.25,0,1.68,16.36,0.18,0.65,0.65,2
FT120,PayAfrica,3,2020,3,2020-06-29,Senegal,Digital Banking,1.8,0,0,0,31103.63,-72.93,9724.86,31.27,0,0.0,Seed,0.0,15390,8.27,1200494.28,32956,36.43,0,1.09,7.66,0.18,0.65,0.65,3
FT120,PayAfrica,4,2020,4,2020-09-27,Senegal,Digital Banking,2.05,0,0,0,21069.35,-68.21,5753.79,27.31,0,0.0,Seed,0.0,18075,27.16,1409930.32,85308,16.53,0,1.43,6.15,0.18,0.65,0.65,0
FT120,PayAfrica,5,2020,1,2020-12-26,Senegal,Digital Banking,2.3,0,0,0,21727.38,-60.5,2999.53,13.81,0,0.0,Seed,0.0,22457,57.98,1751666.58,77035,22.74,0,0.82,16.75,0.18,0.65,0.65,1
FT120,PayAfrica,6,2021,2,2021-03-26,Senegal,Digital Banking,2.55,0,0,0,31654.95,-68.79,3479.23,10.99,0,0.0,Seed,0.0,17742,24.81,1383954.29,44336,31.22,0,1.18,8.06,0.18,0.65,0.65,2
FT120,PayAfrica,7,2021,3,2021-06-24,Senegal,Digital Banking,2.8,0,0,0,46030.11,-55.33,9089.26,19.75,0,0.0,Seed,0.0,25396,78.66,1980945.75,147185,13.46,0,1.34,14.29,0.18,0.65,0.65,3
FT120,PayAfrica,8,2021,4,2021-09-22,Senegal,Digital Banking,3.05,0,0,0,35149.96,-50.14,7039.41,20.03,0,0.0,Seed,0.0,28349,99.44,2211269.01,137226,16.11,0,0.83,13.2,0.18,0.65,0.65,0
FT120,PayAfrica,9,2021,1,2021-12-21,Senegal,Digital Banking,3.3,0,0,0,59748.5,-41.74,16179.85,27.08,0,0.0,Seed,0.0,33126,133.04,2583915.86,94630,27.31,0,2.44,9.13,0.18,0.65,0.65,1
FT120,PayAfrica,10,2022,2,2022-03-21,Senegal,Digital Banking,3.55,0,0,0,38222.98,-45.91,10157.56,26.57,0,0.0,Seed,0.0,30755,116.36,2398960.15,62901,38.14,0,0.71,11.15,0.18,0.65,0.65,2
FT120,PayAfrica,11,2022,3,2022-06-19,Senegal,Digital Banking,3.8,0,0,0,35633.71,-50.83,9284.38,26.06,0,0.0,Seed,0.0,27955,96.66,2180545.67,107304,20.32,0,0.81,15.08,0.18,0.65,0.65,3
FT120,PayAfrica,12,2022,4,2022-09-17,Senegal,Digital Banking,4.05,0,0,0,80794.85,-34.43,18692.28,23.14,0,0.0,Seed,0.0,37284,162.29,2908225.09,226360,12.85,0,2.03,10.12,0.18,0.65,0.65,0
FT120,PayAfrica,13,2022,1,2022-12-16,Senegal,Digital Banking,4.3,0,0,0,90369.71,-21.45,32078.53,35.5,0,0.0,Seed,0.0,44664,214.21,3483865.23,371891,9.37,0,2.97,9.41,0.18,0.65,0.65,1
FT120,PayAfrica,14,2023,2,2023-03-16,Senegal,Digital Banking,4.55,0,0,0,84168.93,-21.42,24923.06,29.61,0,0.0,Seed,0.0,44680,214.32,3485101.88,114359,30.48,0,1.83,5.99,0.18,0.65,0.65,2
FT120,PayAfrica,15,2023,3,2023-06-14,Senegal,Digital Banking,4.8,0,0,0,80018.41,-30.75,24225.14,30.27,0,0.0,Seed,0.0,39376,177.01,3071416.56,252412,12.17,0,1.92,9.63,0.18,0.65,0.65,3
FT120,PayAfrica,16,2023,4,2023-09-12,Senegal,Digital Banking,5.05,0,0,0,85896.31,-1.54,26835.01,31.24,0,0.0,Seed,0.0,55984,293.85,4366837.6,396860,11.0,0,2.27,12.49,0.18,0.65,0.65,0
FT121,SafeAfrica,1,2020,1,2020-01-01,Senegal,Remittance,3.1,0,0,0,148982.51,0.0,30244.72,20.3,0,0.0,Series A,0.0,24315,26.42,6940241.16,67098,103.43,0,3.9,12.95,0.18,0.65,0.65,1
FT121,SafeAfrica,2,2020,2,2020-03-31,Senegal,Remittance,3.35,0,0,0,80993.95,-73.8,31678.32,39.11,0,0.0,Series A,0.0,20160,4.81,5754096.12,51366,112.02,0,3.89,17.29,0.18,0.65,0.65,2
FT121,SafeAfrica,3,2020,3,2020-06-29,Senegal,Remittance,3.6,0,0,0,138051.54,-73.22,43413.88,31.45,0,0.0,Series A,0.0,20605,7.13,5881228.41,62036,94.8,0,7.11,12.62,0.18,0.65,0.65,3
FT121,SafeAfrica,4,2020,4,2020-09-27,Senegal,Remittance,3.85,0,0,0,185950.73,-66.06,48194.17,25.92,0,0.0,Series A,0.0,26109,35.74,7452071.11,202263,36.84,0,7.94,9.92,0.18,0.65,0.65,0
FT121,SafeAfrica,5,2020,1,2020-12-26,Senegal,Remittance,4.1,0,0,0,128115.25,-66.62,21639.26,16.89,0,0.0,Series A,0.0,25679,33.51,7329497.4,80793,90.72,0,5.7,7.28,0.18,0.65,0.65,1
FT121,SafeAfrica,6,2021,2,2021-03-26,Senegal,Remittance,4.35,0,0,0,187271.6,-60.1,34653.51,18.5,0,0.0,Series A,0.0,30700,59.61,8762439.63,228002,38.43,0,6.28,17.63,0.18,0.65,0.65,2
FT121,SafeAfrica,7,2021,3,2021-06-24,Senegal,Remittance,4.6,0,0,0,133848.01,-61.93,18869.75,14.1,0,0.0,Series A,0.0,29288,52.27,8359470.49,204905,40.8,0,3.34,10.06,0.18,0.65,0.65,3
FT121,SafeAfrica,8,2021,4,2021-09-22,Senegal,Remittance,4.85,0,0,0,243299.1,-58.39,49520.05,20.35,0,0.0,Series A,0.0,32011,66.43,9136599.61,70899,128.87,0,4.38,15.12,0.18,0.65,0.65,0
FT121,SafeAfrica,9,2021,1,2021-12-21,Senegal,Remittance,5.1,0,0,0,318185.3,-45.47,71487.21,22.47,0,0.0,Series A,0.0,41950,118.1,11973602.33,294552,40.65,0,10.63,13.89,0.18,0.65,0.65,1
FT121,SafeAfrica,10,2022,2,2022-03-21,Senegal,Remittance,5.35,0,0,0,133877.92,-47.76,44596.57,33.31,0,0.0,Series A,0.0,40195,108.98,11472576.04,176461,65.01,0,2.4,12.4,0.18,0.65,0.65,2
FT121,SafeAfrica,11,2022,3,2022-06-19,Senegal,Remittance,5.6,0,0,0,243207.15,-48.43,98646.79,40.56,0,0.0,Series A,0.0,39674,106.27,11323940.07,175184,64.64,0,8.02,15.33,0.18,0.65,0.65,3
FT121,SafeAfrica,12,2022,4,2022-09-17,Senegal,Remittance,5.85,0,0,0,274200.28,-44.06,69553.45,25.37,0,0.0,Series A,0.0,43034,123.74,12282987.9,143641,85.51,0,6.77,14.47,0.18,0.65,0.65,0
FT121,SafeAfrica,13,2022,1,2022-12-16,Senegal,Remittance,6.1,0,0,0,473907.8,-26.02,120111.1,25.34,0,0.0,Series A,0.0,56918,195.92,16245809.0,388116,41.86,0,9.74,14.88,0.18,0.65,0.65,1
FT121,SafeAfrica,14,2023,2,2023-03-16,Senegal,Remittance,6.35,0,0,0,282423.64,-26.19,104323.52,36.94,0,0.0,Series A,0.0,56785,195.23,16207641.65,193353,83.82,0,7.45,13.41,0.18,0.65,0.65,2
FT121,SafeAfrica,15,2023,3,2023-06-14,Senegal,Remittance,6.6,0,0,0,300718.09,-38.59,90731.27,30.17,0,0.0,Series A,0.0,47242,145.62,13484088.44,297168,45.38,0,7.22,13.14,0.18,0.65,0.65,3
FT121,SafeAfrica,16,2023,4,2023-09-12,Senegal,Remittance,6.85,0,0,0,534390.43,-12.98,92084.87,17.23,0,0.0,Series A,0.0,66950,248.08,19108949.18,501533,38.1,0,10.64,9.3,0.18,0.65,0.65,0
FT122,CashTech,1,2020,1,2020-01-01,Ethiopia,Insurance Tech,2.5,0,0,0,188015.65,0.0,33191.79,17.65,0,0.0,Seed,0.0,44857,-1.64,7055066.26,324197,21.76,0,3.38,8.11,0.5,0.55,0.5,1
FT122,CashTech,2,2020,2,2020-03-31,Ethiopia,Insurance Tech,2.75,0,0,0,143164.53,-72.56,43160.09,30.15,0,0.0,Seed,0.0,50059,9.76,7873196.13,164071,47.99,0,1.97,13.66,0.5,0.55,0.5,2
FT122,CashTech,3,2020,3,2020-06-29,Ethiopia,Insurance Tech,3.0,0,0,0,140846.05,-72.88,52500.56,37.28,0,0.0,Seed,0.0,49477,8.49,7781574.93,128767,60.43,0,3.67,11.97,0.5,0.55,0.5,3
FT122,CashTech,4,2020,4,2020-09-27,Ethiopia,Insurance Tech,3.25,0,0,0,145359.12,-72.42,58733.8,40.41,0,0.0,Seed,0.0,50310,10.31,7912712.33,319156,24.79,0,2.93,10.87,0.5,0.55,0.5,0
FT122,CashTech,5,2020,1,2020-12-26,Ethiopia,Insurance Tech,3.5,0,0,0,165000.18,-55.34,59321.44,35.95,0,0.0,Seed,0.0,81469,78.64,12813244.47,582927,21.98,0,1.79,7.1,0.5,0.55,0.5,1
FT122,CashTech,6,2021,2,2021-03-26,Ethiopia,Insurance Tech,3.75,0,0,0,276765.29,-56.7,117046.69,42.29,0,0.0,Seed,0.0,78982,73.18,12422047.54,566483,21.93,0,4.99,12.31,0.5,0.55,0.5,2
FT122,CashTech,7,2021,3,2021-06-24,Ethiopia,Insurance Tech,4.0,0,0,0,155151.72,-54.26,40506.27,26.11,0,0.0,Seed,0.0,83449,82.98,13124729.73,387029,33.91,0,2.34,14.27,0.5,0.55,0.5,3
FT122,CashTech,8,2021,4,2021-09-22,Ethiopia,Insurance Tech,4.25,0,0,0,164662.89,-59.91,43458.96,26.39,0,0.0,Seed,0.0,73131,60.35,11501838.31,437372,26.3,0,1.3,11.62,0.5,0.55,0.5,0
FT122,CashTech,9,2021,1,2021-12-21,Ethiopia,Insurance Tech,4.5,0,0,0,197835.52,-68.83,67660.59,34.2,0,0.0,Seed,0.0,56861,24.68,8943017.04,314916,28.4,0,5.1,7.64,0.5,0.55,0.5,1
FT122,CashTech,10,2022,2,2022-03-21,Ethiopia,Insurance Tech,4.75,0,0,0,113230.77,-78.7,36223.4,31.99,0,0.0,Seed,0.0,38847,-14.82,6109846.09,216273,28.25,0,1.52,16.5,0.5,0.55,0.5,2
FT122,CashTech,11,2022,3,2022-06-19,Ethiopia,Insurance Tech,5.0,1,1,0,144.34,-99.97,39.31,27.23,0,0.0,Seed,0.0,1000,-97.81,8117.28,5906,1.37,0,0.1,46.54,0.5,0.55,0.5,3
FT122,CashTech,12,2022,4,2022-09-17,Ethiopia,Insurance Tech,5.25,1,1,0,126.97,-99.98,28.45,22.41,0,0.0,Seed,0.0,1000,-97.81,6396.82,4545,1.41,0,0.09,45.47,0.5,0.55,0.5,0
FT122,CashTech,13,2022,1,2022-12-16,Ethiopia,Insurance Tech,5.5,1,1,0,76.61,-99.98,20.15,26.29,0,0.0,Seed,0.0,1000,-97.81,4452.19,4705,0.95,0,0.08,36.97,0.5,0.55,0.5,1
FT122,CashTech,14,2023,2,2023-03-16,Ethiopia,Insurance Tech,5.75,1,1,0,53.06,-99.99,15.35,28.93,0,0.0,Seed,0.0,1000,-97.81,2802.28,5282,0.53,0,0.06,56.25,0.5,0.55,0.5,2
FT122,CashTech,15,2023,3,2023-06-14,Ethiopia,Insurance Tech,6.0,1,1,1,44.09,-99.99,20.7,46.96,0,0.0,Seed,0.0,1000,-97.81,2104.57,4139,0.51,0,0.02,53.87,0.5,0.55,0.5,3
FT122,CashTech,16,2023,4,2023-09-12,Ethiopia,Insurance Tech,6.25,1,1,0,32.81,-99.99,7.4,22.55,0,0.0,Seed,0.0,1000,-97.81,1513.14,3694,0.41,0,0.03,44.96,0.5,0.55,0.5,0
FT123,InstantDigital,1,2020,1,2020-01-01,Rwanda,Crypto Exchange,8.1,0,0,0,188234.76,0.0,63263.55,33.61,0,0.0,Bootstrapped,0.0,31286,15.5,7216296.72,172929,41.73,0,4.63,13.68,0.15,0.75,0.7,1
FT123,InstantDigital,2,2020,2,2020-03-31,Rwanda,Crypto Exchange,8.35,0,0,0,100048.38,-70.12,27897.94,27.88,0,0.0,Bootstrapped,0.0,32370,19.51,7466338.6,183264,40.74,0,1.57,8.47,0.15,0.75,0.7,2
FT123,InstantDigital,3,2020,3,2020-06-29,Rwanda,Crypto Exchange,8.6,0,0,0,119726.75,-68.34,33440.91,27.93,0,0.0,Bootstrapped,0.0,34298,26.62,7911125.87,208487,37.95,0,4.18,12.58,0.15,0.75,0.7,3
FT123,InstantDigital,4,2020,4,2020-09-27,Rwanda,Crypto Exchange,8.85,0,0,0,249262.11,-61.07,56008.66,22.47,0,0.0,Bootstrapped,0.0,42179,55.72,9728872.66,113372,85.81,0,4.54,9.91,0.15,0.75,0.7,0
FT123,InstantDigital,5,2020,1,2020-12-26,Rwanda,Crypto Exchange,9.1,0,0,0,216917.65,-61.87,74124.02,34.17,0,0.0,Bootstrapped,0.0,41311,52.51,9528707.87,310467,30.69,0,3.63,14.37,0.15,0.75,0.7,1
FT123,InstantDigital,6,2021,2,2021-03-26,Rwanda,Crypto Exchange,9.35,0,0,0,235956.8,-61.53,40400.06,17.12,0,0.0,Bootstrapped,0.0,41683,53.89,9614465.02,325128,29.57,0,3.98,9.15,0.15,0.75,0.7,2
FT123,InstantDigital,7,2021,3,2021-06-24,Rwanda,Crypto Exchange,9.6,0,0,0,215559.6,-55.99,55706.59,25.84,0,0.0,Bootstrapped,0.0,47683,76.04,10998426.82,178312,61.68,0,5.67,8.0,0.15,0.75,0.7,3
FT123,InstantDigital,8,2021,4,2021-09-22,Rwanda,Crypto Exchange,9.85,0,0,0,197157.65,-53.6,43595.91,22.11,0,0.0,Bootstrapped,0.0,50269,85.59,11594754.42,251645,46.08,0,5.02,8.16,0.15,0.75,0.7,0
FT123,InstantDigital,9,2021,1,2021-12-21,Rwanda,Crypto Exchange,10.1,0,0,0,399953.31,-37.66,88803.86,22.2,0,0.0,Bootstrapped,0.0,67540,149.35,15578466.22,540245,28.84,0,6.74,7.34,0.15,0.75,0.7,1
FT123,InstantDigital,10,2022,2,2022-03-21,Rwanda,Crypto Exchange,10.35,0,0,0,365181.13,-39.31,122762.63,33.62,0,0.0,Bootstrapped,0.0,65750,142.74,15165506.85,518287,29.26,0,7.08,13.0,0.15,0.75,0.7,2
FT123,InstantDigital,11,2022,3,2022-06-19,Rwanda,Crypto Exchange,10.6,0,0,0,275296.23,-43.31,105002.34,38.14,0,0.0,Bootstrapped,0.0,61422,126.76,14167347.53,147188,96.25,0,3.27,6.4,0.15,0.75,0.7,3
FT123,InstantDigital,12,2022,4,2022-09-17,Rwanda,Crypto Exchange,10.85,0,0,0,289817.19,-43.73,90899.93,31.36,0,0.0,Bootstrapped,0.0,60971,125.1,14063188.22,458465,30.67,0,6.76,7.53,0.15,0.75,0.7,0
FT123,InstantDigital,13,2022,1,2022-12-16,Rwanda,Crypto Exchange,11.1,0,0,0,213587.11,-18.81,52593.95,24.62,0,0.0,Bootstrapped,0.0,87967,224.76,20289892.1,279246,72.66,0,3.63,12.2,0.15,0.75,0.7,1
FT123,InstantDigital,14,2023,2,2023-03-16,Rwanda,Crypto Exchange,11.35,0,0,0,237086.44,-18.44,76448.0,32.24,0,0.0,Bootstrapped,0.0,88368,226.24,20382552.29,194336,104.88,0,2.52,15.91,0.15,0.75,0.7,2
FT123,InstantDigital,15,2023,3,2023-06-14,Rwanda,Crypto Exchange,11.6,0,0,0,309145.5,-4.38,133733.05,43.26,0,0.0,Bootstrapped,0.0,103599,282.47,23895419.53,688003,34.73,0,3.02,9.11,0.15,0.75,0.7,3
FT123,InstantDigital,16,2023,4,2023-09-12,Rwanda,Crypto Exchange,11.85,0,0,0,744604.29,0.49,268427.4,36.05,0,0.0,Bootstrapped,0.0,108879,301.97,25113301.69,494205,50.82,0,5.6,11.4,0.15,0.75,0.7,0
FT124,QuickAfrica,1,2020,1,2020-01-01,Senegal,Crypto Exchange,10.0,0,0,0,131824.8,0.0,47838.84,36.29,0,0.0,Seed,0.0,39943,16.88,9029224.32,126295,71.49,0,3.66,10.75,0.18,0.65,0.65,1
FT124,QuickAfrica,2,2020,2,2020-03-31,Senegal,Crypto Exchange,10.25,0,0,0,250806.58,-72.68,67933.82,27.09,0,0.0,Seed,0.0,37344,9.27,8441713.73,78973,106.89,0,6.55,10.36,0.18,0.65,0.65,2
FT124,QuickAfrica,3,2020,3,2020-06-29,Senegal,Crypto Exchange,10.5,0,0,0,122354.1,-69.33,24877.38,20.33,0,0.0,Seed,0.0,41930,22.69,9478600.21,231794,40.89,0,1.89,15.95,0.18,0.65,0.65,3
FT124,QuickAfrica,4,2020,4,2020-09-27,Senegal,Crypto Exchange,10.75,0,0,0,194745.16,-66.97,43753.42,22.47,0,0.0,Seed,0.0,45148,32.11,10205955.0,171980,59.34,0,6.17,5.92,0.18,0.65,0.65,0
FT124,QuickAfrica,5,2020,1,2020-12-26,Senegal,Crypto Exchange,11.0,0,0,0,279100.7,-59.12,60630.61,21.72,0,0.0,Seed,0.0,55882,63.52,12632308.79,299947,42.12,0,3.87,16.56,0.18,0.65,0.65,1
FT124,QuickAfrica,6,2021,2,2021-03-26,Senegal,Crypto Exchange,11.25,0,0,0,224985.17,-67.19,59068.61,26.25,0,0.0,Seed,0.0,44850,31.24,10138478.57,110350,91.88,0,3.37,15.77,0.18,0.65,0.65,2
FT124,QuickAfrica,7,2021,3,2021-06-24,Senegal,Crypto Exchange,11.5,0,0,0,242142.03,-62.51,43054.43,17.78,0,0.0,Seed,0.0,51242,49.94,11583403.29,113059,102.45,0,4.92,16.7,0.18,0.65,0.65,3
FT124,QuickAfrica,8,2021,4,2021-09-22,Senegal,Crypto Exchange,11.75,0,0,0,272123.16,-58.51,81306.14,29.88,0,0.0,Seed,0.0,56718,65.96,12821414.83,276251,46.41,0,3.29,12.3,0.18,0.65,0.65,0
FT124,QuickAfrica,9,2021,1,2021-12-21,Senegal,Crypto Exchange,12.0,0,0,0,360198.01,-42.22,105365.18,29.25,0,0.0,Seed,0.0,78980,131.11,17853852.79,634514,28.14,0,6.41,16.68,0.18,0.65,0.65,1
FT124,QuickAfrica,10,2022,2,2022-03-21,Senegal,Crypto Exchange,12.25,0,0,0,219044.52,-44.48,30734.23,14.03,0,0.0,Seed,0.0,75896,122.08,17156525.5,559542,30.66,0,2.94,14.91,0.18,0.65,0.65,2
FT124,QuickAfrica,11,2022,3,2022-06-19,Senegal,Crypto Exchange,12.5,0,0,0,399785.51,-46.71,97012.63,24.27,0,0.0,Seed,0.0,72843,113.15,16466407.44,310373,53.05,0,5.74,10.63,0.18,0.65,0.65,3
FT124,QuickAfrica,12,2022,4,2022-09-17,Senegal,Crypto Exchange,12.75,0,0,0,348730.51,-36.84,58919.91,16.9,0,0.0,Seed,0.0,86337,152.63,19516745.79,228529,85.4,0,3.45,7.62,0.18,0.65,0.65,0
FT124,QuickAfrica,13,2022,1,2022-12-16,Senegal,Crypto Exchange,13.0,0,0,0,522957.88,-24.25,194336.83,37.16,0,0.0,Seed,0.0,103548,203.0,23407433.01,665843,35.15,0,5.57,13.54,0.18,0.65,0.65,1
FT124,QuickAfrica,14,2023,2,2023-03-16,Senegal,Crypto Exchange,13.25,0,0,0,586376.5,-26.1,92870.42,15.84,0,0.0,Seed,0.0,101014,195.58,22834673.25,746783,30.58,0,6.28,7.1,0.18,0.65,0.65,2
FT124,QuickAfrica,15,2023,3,2023-06-14,Senegal,Crypto Exchange,13.5,0,0,0,281994.32,-18.07,95979.95,34.04,0,0.0,Seed,0.0,112003,227.74,25318789.89,218374,115.94,0,2.19,7.06,0.18,0.65,0.65,3
FT124,QuickAfrica,16,2023,4,2023-09-12,Senegal,Crypto Exchange,13.75,0,0,0,426389.63,-15.97,134940.1,31.65,0,0.0,Seed,0.0,114871,236.13,25967073.32,734421,35.36,0,3.2,13.31,0.18,0.65,0.65,0
FT125,MoneyAfrica,1,2020,1,2020-01-01,Rwanda,Remittance,4.0,0,0,0,99652.6,0.0,43869.37,44.02,0,0.0,Series A,0.0,10118,9.62,4125062.46,74509,55.36,0,12.57,10.85,0.15,0.75,0.7,1
FT125,MoneyAfrica,2,2020,2,2020-03-31,Rwanda,Remittance,4.25,0,0,0,50172.06,-73.3,19810.16,39.48,0,0.0,Series A,0.0,9858,6.81,4019165.13,58647,68.53,0,2.93,12.79,0.15,0.75,0.7,2
FT125,MoneyAfrica,3,2020,3,2020-06-29,Rwanda,Remittance,4.5,0,0,0,58873.2,-77.3,16185.44,27.49,0,0.0,Series A,0.0,8380,-9.21,3416439.44,17135,199.38,0,6.11,12.11,0.15,0.75,0.7,3
FT125,MoneyAfrica,4,2020,4,2020-09-27,Rwanda,Remittance,4.75,0,0,0,108239.13,-75.21,51050.46,47.16,0,0.0,Series A,0.0,9151,-0.85,3730629.24,49263,75.73,0,17.14,19.54,0.15,0.75,0.7,0
FT125,MoneyAfrica,5,2020,1,2020-12-26,Rwanda,Remittance,5.0,0,0,0,82206.72,-74.13,16308.38,19.84,0,0.0,Series A,0.0,9551,3.48,3893710.6,61668,63.14,0,8.58,12.62,0.15,0.75,0.7,1
FT125,MoneyAfrica,6,2021,2,2021-03-26,Rwanda,Remittance,5.25,0,0,0,86419.92,-69.96,35015.88,40.52,0,0.0,Series A,0.0,11090,20.15,4521259.51,64739,69.84,0,7.7,17.35,0.15,0.75,0.7,2
FT125,MoneyAfrica,7,2021,3,2021-06-24,Rwanda,Remittance,5.5,0,0,0,61998.38,-65.95,8518.92,13.74,0,0.0,Series A,0.0,12572,36.21,5125493.99,46048,111.31,0,6.02,11.12,0.15,0.75,0.7,3
FT125,MoneyAfrica,8,2021,4,2021-09-22,Rwanda,Remittance,5.75,0,0,0,77969.0,-67.72,26406.09,33.87,0,0.0,Series A,0.0,11917,29.11,4858495.72,94967,51.16,0,4.53,15.86,0.15,0.75,0.7,0
FT125,MoneyAfrica,9,2021,1,2021-12-21,Rwanda,Remittance,6.0,0,0,0,144694.99,-67.75,49853.29,34.45,0,0.0,Series A,0.0,11907,29.01,4854284.85,102683,47.27,0,12.51,13.31,0.15,0.75,0.7,1
FT125,MoneyAfrica,10,2022,2,2022-03-21,Rwanda,Remittance,6.25,0,0,0,65162.54,-58.27,14027.91,21.53,0,0.0,Series A,0.0,15407,66.93,6281033.38,83458,75.26,0,4.53,14.01,0.15,0.75,0.7,2
FT125,MoneyAfrica,11,2022,3,2022-06-19,Rwanda,Remittance,6.5,0,0,0,92897.14,-60.47,22660.84,24.39,0,0.0,Series A,0.0,14593,58.11,5949209.61,75637,78.65,0,3.94,14.31,0.15,0.75,0.7,3
FT125,MoneyAfrica,12,2022,4,2022-09-17,Rwanda,Remittance,6.75,0,0,0,99962.84,-49.44,18883.88,18.89,0,0.0,Series A,0.0,18667,102.25,7610192.35,145876,52.17,0,4.19,10.33,0.15,0.75,0.7,0
FT125,MoneyAfrica,13,2022,1,2022-12-16,Rwanda,Remittance,7.0,0,0,0,185346.1,-44.06,58516.96,31.57,0,0.0,Series A,0.0,20654,123.77,8420255.13,54028,155.85,0,12.34,16.85,0.15,0.75,0.7,1
FT125,MoneyAfrica,14,2023,2,2023-03-16,Rwanda,Remittance,7.25,0,0,0,157262.76,-40.7,41143.03,26.16,0,0.0,Series A,0.0,21891,137.18,8924525.93,58507,152.54,0,8.88,6.76,0.15,0.75,0.7,2
FT125,MoneyAfrica,15,2023,3,2023-06-14,Rwanda,Remittance,7.5,0,0,0,171093.0,-45.16,63634.1,37.19,0,0.0,Series A,0.0,20248,119.38,8254598.27,131021,63.0,0,6.99,9.74,0.15,0.75,0.7,3
FT125,MoneyAfrica,16,2023,4,2023-09-12,Rwanda,Remittance,7.75,0,0,0,243648.62,-42.2,97762.71,40.12,0,0.0,Series A,0.0,21338,131.19,8699217.91,120628,72.12,0,14.18,18.77,0.15,0.75,0.7,0
FT126,LinkAfrica,1,2020,1,2020-01-01,Zambia,Investment Platform,4.3,0,0,0,30146.66,0.0,11094.01,36.8,0,0.0,Series A,0.0,11935,43.97,1371591.27,64080,21.4,0,2.36,14.56,0.2,0.6,0.5,1
FT126,LinkAfrica,2,2020,2,2020-03-31,Zambia,Investment Platform,4.55,0,0,0,19647.18,-69.07,7015.98,35.71,0,6850988.82,Seed,6850988.82,10255,23.71,1178454.54,48271,24.41,0,2.58,10.55,0.2,0.6,0.5,2
FT126,LinkAfrica,3,2020,3,2020-06-29,Zambia,Investment Platform,4.8,0,0,0,24457.09,-74.09,7979.76,32.63,0,0.0,Series A,0.0,8591,3.63,987321.75,32617,30.27,0,1.76,10.25,0.2,0.6,0.5,3
FT126,LinkAfrica,4,2020,4,2020-09-27,Zambia,Investment Platform,5.05,0,0,0,26706.1,-68.49,11840.95,44.34,0,0.0,Series A,0.0,10449,26.05,1200809.69,66343,18.1,0,3.36,10.49,0.2,0.6,0.5,0
FT126,LinkAfrica,5,2020,1,2020-12-26,Zambia,Investment Platform,5.3,0,0,0,13475.36,-66.01,3586.37,26.61,0,0.0,Series A,0.0,11269,35.94,1295034.91,47950,27.01,0,1.44,16.41,0.2,0.6,0.5,1
FT126,LinkAfrica,6,2021,2,2021-03-26,Zambia,Investment Platform,5.55,0,0,0,20234.6,-61.24,3281.11,16.22,0,0.0,Series A,0.0,12850,55.01,1476743.8,47724,30.94,0,0.81,10.55,0.2,0.6,0.5,2
FT126,LinkAfrica,7,2021,3,2021-06-24,Zambia,Investment Platform,5.8,0,0,0,24825.41,-64.94,11153.6,44.93,0,0.0,Series A,0.0,11626,40.25,1336031.55,56544,23.63,0,1.31,13.97,0.2,0.6,0.5,3
FT126,LinkAfrica,8,2021,4,2021-09-22,Zambia,Investment Platform,6.05,0,0,0,25830.25,-56.41,5861.6,22.69,0,0.0,Series A,0.0,14453,74.35,1660854.33,49926,33.27,0,2.19,17.4,0.2,0.6,0.5,0
FT126,LinkAfrica,9,2021,1,2021-12-21,Zambia,Investment Platform,6.3,0,0,0,31339.5,-49.76,4739.26,15.12,0,0.0,Series A,0.0,16658,100.95,1914299.81,103798,18.44,0,1.44,8.97,0.2,0.6,0.5,1
FT126,LinkAfrica,10,2022,2,2022-03-21,Zambia,Investment Platform,6.55,0,0,0,34339.76,-52.99,10883.68,31.69,0,0.0,Series A,0.0,15586,88.02,1791087.82,120712,14.84,0,1.69,17.03,0.2,0.6,0.5,2
FT126,LinkAfrica,11,2022,3,2022-06-19,Zambia,Investment Platform,6.8,0,0,0,37412.42,-49.47,7661.51,20.48,0,0.0,Series A,0.0,16754,102.11,1925309.84,41293,46.63,0,2.94,9.07,0.2,0.6,0.5,3
FT126,LinkAfrica,12,2022,4,2022-09-17,Zambia,Investment Platform,7.05,0,0,0,33900.21,-52.2,11329.83,33.42,0,0.0,Series A,0.0,15849,91.19,1821272.97,96054,18.96,0,1.45,10.6,0.2,0.6,0.5,0
FT126,LinkAfrica,13,2022,1,2022-12-16,Zambia,Investment Platform,7.3,0,0,0,22582.37,-41.89,7225.05,31.99,0,0.0,Series A,0.0,19268,132.43,2214158.82,65745,33.68,0,0.65,11.47,0.2,0.6,0.5,1
FT126,LinkAfrica,14,2023,2,2023-03-16,Zambia,Investment Platform,7.55,0,0,0,63697.62,-31.22,20760.61,32.59,0,0.0,Series A,0.0,22805,175.1,2620692.73,153460,17.08,0,2.35,18.4,0.2,0.6,0.5,2
FT126,LinkAfrica,15,2023,3,2023-06-14,Zambia,Investment Platform,7.8,0,0,0,39600.0,-39.28,7217.49,18.23,0,0.0,Series A,0.0,20134,142.88,2313731.14,74721,30.96,0,2.19,11.89,0.2,0.6,0.5,3
FT126,LinkAfrica,16,2023,4,2023-09-12,Zambia,Investment Platform,8.05,0,0,0,69998.6,-38.62,17471.54,24.96,0,0.0,Series A,0.0,20351,145.5,2338647.7,51700,45.23,0,3.6,17.81,0.2,0.6,0.5,0
FT127,Instant,1,2020,1,2020-01-01,Senegal,Insurance Tech,5.7,0,0,0,19524.6,0.0,6588.84,33.75,0,0.0,Bootstrapped,0.0,9244,23.39,1678433.56,24122,69.58,0,1.15,17.12,0.18,0.65,0.65,1
FT127,Instant,2,2020,2,2020-03-31,Senegal,Insurance Tech,5.95,0,0,0,23507.65,-72.28,5594.35,23.8,0,0.0,Bootstrapped,0.0,8306,10.87,1508145.22,64099,23.53,0,2.16,11.64,0.18,0.65,0.65,2
FT127,Instant,3,2020,3,2020-06-29,Senegal,Insurance Tech,6.2,0,0,0,25127.96,-76.47,8321.77,33.12,0,0.0,Bootstrapped,0.0,7050,-5.89,1280127.59,43431,29.47,0,2.92,12.05,0.18,0.65,0.65,3
FT127,Instant,4,2020,4,2020-09-27,Senegal,Insurance Tech,6.45,0,0,0,43737.42,-68.32,12696.99,29.03,0,0.0,Bootstrapped,0.0,9491,26.69,1723420.29,63446,27.16,0,5.19,7.62,0.18,0.65,0.65,0
FT127,Instant,5,2020,1,2020-12-26,Senegal,Insurance Tech,6.7,0,0,0,41417.64,-62.56,17046.28,41.16,0,0.0,Bootstrapped,0.0,11218,49.74,2036945.63,89249,22.82,0,5.18,6.12,0.18,0.65,0.65,1
FT127,Instant,6,2021,2,2021-03-26,Senegal,Insurance Tech,6.95,0,0,0,63297.1,-59.36,21229.64,33.54,0,0.0,Bootstrapped,0.0,12179,62.57,2211394.48,59042,37.45,0,5.0,7.85,0.18,0.65,0.65,2
FT127,Instant,7,2021,3,2021-06-24,Senegal,Insurance Tech,7.2,0,0,0,25378.13,-61.54,9739.2,38.38,0,0.0,Bootstrapped,0.0,11525,53.84,2092647.83,78051,26.81,0,1.69,16.23,0.18,0.65,0.65,3
FT127,Instant,8,2021,4,2021-09-22,Senegal,Insurance Tech,7.45,0,0,0,70369.29,-55.12,18021.23,25.61,0,0.0,Bootstrapped,0.0,13448,79.51,2441755.86,31330,77.94,0,6.71,7.83,0.18,0.65,0.65,0
FT127,Instant,9,2021,1,2021-12-21,Senegal,Insurance Tech,7.7,0,0,0,73415.87,-46.24,20713.64,28.21,0,0.0,Bootstrapped,0.0,16110,115.04,2925105.46,126212,23.18,0,6.11,15.11,0.18,0.65,0.65,1
FT127,Instant,10,2022,2,2022-03-21,Senegal,Insurance Tech,7.95,0,0,0,53107.38,-49.49,6973.09,13.13,0,0.0,Bootstrapped,0.0,15136,102.04,2748285.93,89890,30.57,0,3.06,13.13,0.18,0.65,0.65,2
FT127,Instant,11,2022,3,2022-06-19,Senegal,Insurance Tech,8.2,0,0,0,41497.36,-57.96,12432.23,29.96,0,0.0,Bootstrapped,0.0,12599,68.18,2287589.35,43542,52.54,0,4.15,12.11,0.18,0.65,0.65,3
FT127,Instant,12,2022,4,2022-09-17,Senegal,Insurance Tech,8.45,0,0,0,66638.54,-29.47,11459.83,17.2,0,0.0,Bootstrapped,0.0,21133,182.09,3837226.56,50847,75.47,0,4.54,6.77,0.18,0.65,0.65,0
FT127,Instant,13,2022,1,2022-12-16,Senegal,Insurance Tech,8.7,0,0,0,83174.8,-26.44,14319.31,17.22,0,0.0,Bootstrapped,0.0,22042,194.23,4002294.1,100714,39.74,0,3.51,7.61,0.18,0.65,0.65,1
FT127,Instant,14,2023,2,2023-03-16,Senegal,Insurance Tech,8.95,0,0,0,88102.97,-29.05,29985.53,34.03,0,0.0,Bootstrapped,0.0,21259,183.77,3860051.31,48582,79.45,0,2.9,12.21,0.18,0.65,0.65,2
FT127,Instant,15,2023,3,2023-06-14,Senegal,Insurance Tech,9.2,0,0,0,71667.9,-31.53,23327.5,32.55,0,0.0,Bootstrapped,0.0,20517,173.87,3725255.5,125515,29.68,0,4.33,11.5,0.18,0.65,0.65,3
FT127,Instant,16,2023,4,2023-09-12,Senegal,Insurance Tech,9.45,0,0,0,107725.99,-26.75,37886.92,35.17,0,0.0,Bootstrapped,0.0,21951,193.01,3985614.91,103662,38.45,0,6.73,6.09,0.18,0.65,0.65,0
FT128,SafePlus,1,2020,1,2020-01-01,Ghana,Investment Platform,2.7,0,0,0,411372.29,0.0,84970.55,20.66,0,0.0,Bootstrapped,0.0,45706,34.12,17255104.92,319465,54.01,0,8.75,14.64,0.3,0.65,0.6,1
FT128,SafePlus,2,2020,2,2020-03-31,Ghana,Investment Platform,2.95,0,0,0,243864.56,-69.32,59853.33,24.54,0,0.0,Bootstrapped,0.0,41825,22.73,15789861.67,303558,52.02,0,3.96,14.0,0.3,0.65,0.6,2
FT128,SafePlus,3,2020,3,2020-06-29,Ghana,Investment Platform,3.2,0,0,0,271256.97,-74.31,69489.64,25.62,0,0.0,Bootstrapped,0.0,35022,2.77,13221871.8,228734,57.8,0,7.56,9.26,0.3,0.65,0.6,3
FT128,SafePlus,4,2020,4,2020-09-27,Ghana,Investment Platform,3.45,0,0,0,533228.08,-64.45,98337.06,18.44,0,0.0,Bootstrapped,0.0,48467,42.22,18297497.69,304924,60.01,0,13.99,16.16,0.3,0.65,0.6,0
FT128,SafePlus,5,2020,1,2020-12-26,Ghana,Investment Platform,3.7,0,0,0,490006.99,-60.34,140860.97,28.75,0,0.0,Bootstrapped,0.0,54058,58.62,20408335.39,342225,59.63,0,8.75,14.45,0.3,0.65,0.6,1
FT128,SafePlus,6,2021,2,2021-03-26,Ghana,Investment Platform,3.95,0,0,0,545674.97,-54.38,116909.44,21.42,0,0.0,Bootstrapped,0.0,62181,82.46,23474989.06,399336,58.79,0,4.92,16.18,0.3,0.65,0.6,2
FT128,SafePlus,7,2021,3,2021-06-24,Ghana,Investment Platform,4.2,0,0,0,221364.98,-59.48,62774.55,28.36,0,0.0,Bootstrapped,0.0,55238,62.09,20853862.49,140755,148.16,0,5.3,14.55,0.3,0.65,0.6,3
FT128,SafePlus,8,2021,4,2021-09-22,Ghana,Investment Platform,4.45,0,0,0,557417.96,-53.61,132150.62,23.71,0,0.0,Bootstrapped,0.0,63239,85.56,23874362.55,176283,135.43,0,8.31,7.01,0.3,0.65,0.6,0
FT128,SafePlus,9,2021,1,2021-12-21,Ghana,Investment Platform,4.7,0,0,0,573777.47,-51.51,88132.05,15.36,0,0.0,Bootstrapped,0.0,66095,93.94,24952643.24,436603,57.15,0,11.88,16.47,0.3,0.65,0.6,1
FT128,SafePlus,10,2022,2,2022-03-21,Ghana,Investment Platform,4.95,0,0,0,756336.06,-45.4,228727.69,30.24,0,0.0,Bootstrapped,0.0,74423,118.38,28096487.19,177300,158.47,0,11.97,9.97,0.3,0.65,0.6,2
FT128,SafePlus,11,2022,3,2022-06-19,Ghana,Investment Platform,5.2,0,0,0,809564.1,-40.66,269037.53,33.23,0,0.0,Bootstrapped,0.0,80894,137.37,30539518.27,543897,56.15,0,8.73,7.35,0.3,0.65,0.6,3
FT128,SafePlus,12,2022,4,2022-09-17,Ghana,Investment Platform,5.45,0,0,0,631636.82,-42.86,255103.98,40.39,0,0.0,Bootstrapped,0.0,77897,128.57,29408071.44,609671,48.24,0,8.38,6.44,0.3,0.65,0.6,0
FT128,SafePlus,13,2022,1,2022-12-16,Ghana,Investment Platform,5.7,0,0,0,565990.6,-37.48,199839.85,35.31,0,0.0,Bootstrapped,0.0,85219,150.06,32172212.88,210949,152.51,0,6.1,7.94,0.3,0.65,0.6,1
FT128,SafePlus,14,2023,2,2023-03-16,Ghana,Investment Platform,5.95,0,0,0,421469.31,-30.03,162994.5,38.67,0,0.0,Bootstrapped,0.0,95384,179.89,36009840.0,480396,74.96,0,2.63,11.12,0.3,0.65,0.6,2
FT128,SafePlus,15,2023,3,2023-06-14,Ghana,Investment Platform,6.2,0,0,0,954809.25,-32.38,145918.86,15.28,0,0.0,Bootstrapped,0.0,92176,170.47,34798437.13,571889,60.85,0,8.96,8.2,0.3,0.65,0.6,3
FT128,SafePlus,16,2023,4,2023-09-12,Ghana,Investment Platform,6.45,0,0,0,1265838.55,-17.73,331386.9,26.18,0,0.0,Bootstrapped,0.0,112144,229.07,42337153.78,686316,61.69,0,10.52,10.95,0.3,0.65,0.6,0
FT129,InstantBank,1,2020,1,2020-01-01,South Africa,Remittance,2.3,0,0,0,337543.65,0.0,85232.45,25.25,0,0.0,Bootstrapped,0.0,107820,27.29,23192541.16,865475,26.8,0,3.84,8.45,0.8,0.9,0.75,1
FT129,InstantBank,2,2020,2,2020-03-31,South Africa,Remittance,2.55,0,0,0,397312.66,-68.8,115345.9,29.03,0,0.0,Bootstrapped,0.0,105714,24.81,22739502.0,245023,92.81,0,4.36,12.95,0.8,0.9,0.75,2
FT129,InstantBank,3,2020,3,2020-06-29,South Africa,Remittance,2.8,0,0,0,349512.27,-70.72,94643.82,27.08,0,3499961.14,Seed,3499961.14,99206,17.12,21339680.8,267730,79.71,0,4.51,12.29,0.8,0.9,0.75,3
FT129,InstantBank,4,2020,4,2020-09-27,South Africa,Remittance,3.05,0,0,0,757102.61,-60.4,156656.81,20.69,0,0.0,Bootstrapped,0.0,134155,58.38,28857157.84,857309,33.66,0,8.37,11.23,0.8,0.9,0.75,0
FT129,InstantBank,5,2020,1,2020-12-26,South Africa,Remittance,3.3,0,0,0,850316.16,-59.05,380760.24,44.78,0,0.0,Bootstrapped,0.0,138729,63.78,29841108.44,940237,31.74,0,8.67,8.15,0.8,0.9,0.75,1
FT129,InstantBank,6,2021,2,2021-03-26,South Africa,Remittance,3.55,0,0,0,670011.31,-60.38,173253.04,25.86,0,0.0,Bootstrapped,0.0,134238,58.48,28875118.2,572352,50.45,0,2.69,7.44,0.8,0.9,0.75,2
FT129,InstantBank,7,2021,3,2021-06-24,South Africa,Remittance,3.8,0,0,0,741341.59,-59.49,210808.08,28.44,0,0.0,Bootstrapped,0.0,137242,62.03,29521226.44,295719,99.83,0,6.32,7.62,0.8,0.9,0.75,3
FT129,InstantBank,8,2021,4,2021-09-22,South Africa,Remittance,4.05,0,0,0,796394.95,-49.16,186456.42,23.41,0,0.0,Bootstrapped,0.0,172250,103.36,37051648.38,592873,62.5,0,5.41,9.97,0.8,0.9,0.75,0
FT129,InstantBank,9,2021,1,2021-12-21,South Africa,Remittance,4.3,0,0,0,1254434.84,-34.77,535667.83,42.7,0,0.0,Bootstrapped,0.0,221006,160.92,47539166.97,1930555,24.62,0,6.93,11.03,0.8,0.9,0.75,1
FT129,InstantBank,10,2022,2,2022-03-21,South Africa,Remittance,4.55,0,0,0,784775.32,-31.21,355059.23,45.24,0,0.0,Bootstrapped,0.0,233076,175.17,50135414.95,1565520,32.02,0,4.0,8.67,0.8,0.9,0.75,2
FT129,InstantBank,11,2022,3,2022-06-19,South Africa,Remittance,4.8,0,0,0,1036933.22,-40.8,302908.16,29.21,0,0.0,Bootstrapped,0.0,200566,136.79,43142463.26,468559,92.07,0,6.99,7.06,0.8,0.9,0.75,3
FT129,InstantBank,12,2022,4,2022-09-17,South Africa,Remittance,5.05,0,0,0,1392128.63,-22.6,262094.23,18.83,0,0.0,Bootstrapped,0.0,262248,209.61,56410506.62,1289660,43.74,0,3.68,11.45,0.8,0.9,0.75,0
FT129,InstantBank,13,2022,1,2022-12-16,South Africa,Remittance,5.3,0,0,0,1495069.23,-15.7,608176.05,40.68,0,0.0,Bootstrapped,0.0,285617,237.2,61437175.72,825734,74.4,0,4.27,11.47,0.8,0.9,0.75,1
FT129,InstantBank,14,2023,2,2023-03-16,South Africa,Remittance,5.55,0,0,0,777342.58,2.43,328440.97,42.25,0,0.0,Bootstrapped,0.0,347040,309.71,74649465.36,1440359,51.83,0,1.34,11.14,0.8,0.9,0.75,2
FT129,InstantBank,15,2023,3,2023-06-14,South Africa,Remittance,5.8,0,0,0,731362.63,-11.54,199701.0,27.31,0,0.0,Bootstrapped,0.0,299707,253.83,64468063.23,818145,78.8,0,1.46,6.77,0.8,0.9,0.75,3
FT129,InstantBank,16,2023,4,2023-09-12,South Africa,Remittance,6.05,0,0,0,1973322.54,6.95,704800.75,35.72,0,0.0,Bootstrapped,0.0,362354,327.79,77943580.02,1390985,56.03,0,3.16,15.11,0.8,0.9,0.75,0
FT130,DirectTech,1,2020,1,2020-01-01,Ethiopia,Insurance Tech,1.3,0,0,0,646857.29,0.0,249718.8,38.6,0,0.0,Series A,0.0,69966,22.51,28303067.57,195336,144.89,0,11.85,12.82,0.5,0.55,0.5,1
FT130,DirectTech,2,2020,2,2020-03-31,Ethiopia,Insurance Tech,1.55,0,0,0,434453.63,-63.78,183422.78,42.22,0,0.0,Series A,0.0,82736,44.87,33468827.13,498831,67.09,0,7.63,8.27,0.5,0.55,0.5,2
FT130,DirectTech,3,2020,3,2020-06-29,Ethiopia,Insurance Tech,1.8,0,0,0,567867.3,-70.79,167969.54,29.58,0,0.0,Series A,0.0,66721,16.83,26990552.61,428760,62.95,0,5.38,15.38,0.5,0.55,0.5,3
FT130,DirectTech,4,2020,4,2020-09-27,Ethiopia,Insurance Tech,2.05,0,0,0,524293.14,-67.46,126289.08,24.09,0,0.0,Series A,0.0,74324,30.14,30066197.29,349629,85.99,0,3.95,15.77,0.5,0.55,0.5,0
FT130,DirectTech,5,2020,1,2020-12-26,Ethiopia,Insurance Tech,2.3,0,0,0,568768.95,-55.24,165959.99,29.18,0,0.0,Series A,0.0,102251,79.04,41363327.3,654253,63.22,0,6.42,10.86,0.5,0.55,0.5,1
FT130,DirectTech,6,2021,2,2021-03-26,Ethiopia,Insurance Tech,2.55,0,0,0,721042.17,-60.16,266675.53,36.98,0,0.0,Series A,0.0,91011,59.36,36816328.12,579205,63.56,0,7.67,7.72,0.5,0.55,0.5,2
FT130,DirectTech,7,2021,3,2021-06-24,Ethiopia,Insurance Tech,2.8,0,0,0,843499.84,-61.73,249878.9,29.62,0,0.0,Series A,0.0,87432,53.09,35368486.58,269352,131.31,0,7.79,11.88,0.5,0.55,0.5,3
FT130,DirectTech,8,2021,4,2021-09-22,Ethiopia,Insurance Tech,3.05,0,0,0,595530.38,-46.67,124113.05,20.84,0,0.0,Series A,0.0,121819,113.3,49279030.16,369220,133.47,0,4.22,10.08,0.5,0.55,0.5,0
FT130,DirectTech,9,2021,1,2021-12-21,Ethiopia,Insurance Tech,3.3,0,0,0,835923.01,-36.13,262780.52,31.44,0,0.0,Series A,0.0,145916,155.49,59026839.7,1060720,55.65,0,5.55,14.17,0.5,0.55,0.5,1
FT130,DirectTech,10,2022,2,2022-03-21,Ethiopia,Insurance Tech,3.55,0,0,0,1115040.79,-39.98,199476.58,17.89,0,0.0,Series A,0.0,137113,140.08,55465950.85,905718,61.24,0,11.84,8.29,0.5,0.55,0.5,2
FT130,DirectTech,11,2022,3,2022-06-19,Ethiopia,Insurance Tech,3.8,0,0,0,1658537.0,-37.1,600096.09,36.18,0,0.0,Series A,0.0,143702,151.62,58131232.18,857904,67.76,0,11.59,7.09,0.5,0.55,0.5,3
FT130,DirectTech,12,2022,4,2022-09-17,Ethiopia,Insurance Tech,4.05,0,0,0,663914.01,-29.86,200600.1,30.21,0,0.0,Series A,0.0,160222,180.54,64814041.45,443569,146.12,0,3.41,7.24,0.5,0.55,0.5,0
FT130,DirectTech,13,2022,1,2022-12-16,Ethiopia,Insurance Tech,4.3,0,0,0,2121804.58,-14.32,484650.99,22.84,0,0.0,Series A,0.0,195736,242.73,79180203.37,862039,91.85,0,15.68,7.65,0.5,0.55,0.5,1
FT130,DirectTech,14,2023,2,2023-03-16,Ethiopia,Insurance Tech,4.55,0,0,0,2214327.28,-9.98,552986.52,24.97,0,0.0,Series A,0.0,205637,260.06,83185581.92,1631572,50.98,0,6.01,7.77,0.5,0.55,0.5,2
FT130,DirectTech,15,2023,3,2023-06-14,Ethiopia,Insurance Tech,4.8,0,0,0,1993308.75,-14.54,782301.24,39.25,0,0.0,Series A,0.0,195221,241.83,78971790.79,750255,105.26,0,12.58,7.19,0.5,0.55,0.5,3
FT130,DirectTech,16,2023,4,2023-09-12,Ethiopia,Insurance Tech,5.05,0,0,0,1459240.34,9.07,562541.43,38.55,0,0.0,Series A,0.0,249154,336.26,100789056.05,1928442,52.26,0,5.13,9.23,0.5,0.55,0.5,0
FT131,M-Direct,1,2020,1,2020-01-01,Ghana,Investment Platform,1.2,0,0,0,72978.48,0.0,34941.74,47.88,0,0.0,Series B,0.0,61679,23.02,3349347.4,537116,6.24,0,1.59,9.7,0.3,0.65,0.6,1
FT131,M-Direct,2,2020,2,2020-03-31,Ghana,Investment Platform,1.45,0,0,0,71805.28,-66.69,8370.7,11.66,0,0.0,Series B,0.0,66811,33.26,3628026.72,381370,9.51,0,1.47,16.16,0.3,0.65,0.6,2
FT131,M-Direct,3,2020,3,2020-06-29,Ghana,Investment Platform,1.7,0,0,0,96217.05,-69.8,35476.59,36.87,0,0.0,Series B,0.0,60564,20.8,3288827.46,340843,9.65,0,1.89,8.26,0.3,0.65,0.6,3
FT131,M-Direct,4,2020,4,2020-09-27,Ghana,Investment Platform,1.95,0,0,0,78311.97,-67.27,27424.01,35.02,0,0.0,Series B,0.0,65640,30.92,3564484.43,286497,12.44,0,1.72,14.34,0.3,0.65,0.6,0
FT131,M-Direct,5,2020,1,2020-12-26,Ghana,Investment Platform,2.2,0,0,0,129120.01,-53.61,49599.61,38.41,0,0.0,Series B,0.0,93028,85.55,5051698.63,482643,10.47,0,1.03,13.96,0.3,0.65,0.6,1
FT131,M-Direct,6,2021,2,2021-03-26,Ghana,Investment Platform,2.45,0,0,0,61085.21,-66.17,22793.83,37.31,0,0.0,Series B,0.0,67845,35.32,3684214.81,193964,18.99,0,0.59,12.14,0.3,0.65,0.6,2
FT131,M-Direct,7,2021,3,2021-06-24,Ghana,Investment Platform,2.7,0,0,0,55813.82,-62.6,18008.75,32.27,0,0.0,Series B,0.0,75008,49.6,4073163.78,487860,8.35,0,0.74,7.2,0.3,0.65,0.6,3
FT131,M-Direct,8,2021,4,2021-09-22,Ghana,Investment Platform,2.95,0,0,0,117223.22,-51.82,46669.34,39.81,0,0.0,Series B,0.0,96624,92.72,5246979.82,660368,7.95,0,1.3,6.98,0.3,0.65,0.6,0
FT131,M-Direct,9,2021,1,2021-12-21,Ghana,Investment Platform,3.2,0,0,0,142901.89,-51.16,46597.19,32.61,0,0.0,Series B,0.0,97947,95.36,5318818.84,549999,9.67,0,1.57,12.22,0.3,0.65,0.6,1
FT131,M-Direct,10,2022,2,2022-03-21,Ghana,Investment Platform,3.45,0,0,0,125056.91,-48.17,38198.33,30.54,0,0.0,Series B,0.0,103950,107.33,5644774.8,371253,15.2,0,1.66,14.33,0.3,0.65,0.6,2
FT131,M-Direct,11,2022,3,2022-06-19,Ghana,Investment Platform,3.7,0,0,0,74681.95,-57.45,19003.42,25.45,0,0.0,Series B,0.0,85343,70.22,4634384.67,238827,19.4,0,0.57,11.56,0.3,0.65,0.6,3
FT131,M-Direct,12,2022,4,2022-09-17,Ghana,Investment Platform,3.95,0,0,0,174440.15,-21.24,21672.79,12.42,0,0.0,Series B,0.0,157956,215.04,8577489.85,929064,9.23,0,0.7,7.23,0.3,0.65,0.6,0
FT131,M-Direct,13,2022,1,2022-12-16,Ghana,Investment Platform,4.2,0,0,0,137065.81,-30.5,30223.98,22.05,0,0.0,Series B,0.0,139380,177.99,7568753.89,981218,7.71,0,1.02,6.74,0.3,0.65,0.6,1
FT131,M-Direct,14,2023,2,2023-03-16,Ghana,Investment Platform,4.45,0,0,0,199589.55,-12.38,45396.13,22.74,0,0.0,Series B,0.0,175730,250.49,9542642.49,784580,12.16,0,1.5,10.04,0.3,0.65,0.6,2
FT131,M-Direct,15,2023,3,2023-06-14,Ghana,Investment Platform,4.7,0,0,0,126498.43,-31.1,53059.96,41.95,0,0.0,Series B,0.0,138183,175.61,7503738.84,422287,17.77,0,1.33,9.33,0.3,0.65,0.6,3
FT131,M-Direct,16,2023,4,2023-09-12,Ghana,Investment Platform,4.95,0,0,0,164032.47,3.33,58724.8,35.8,0,0.0,Series B,0.0,207221,313.3,11252700.29,1536485,7.32,0,0.43,8.27,0.3,0.65,0.6,0
FT132,M-Link,1,2020,1,2020-01-01,South Africa,Insurance Tech,1.3,0,0,0,522572.4,0.0,154259.53,29.52,0,0.0,Series A,0.0,94180,21.89,18737374.37,306873,61.06,0,8.12,10.48,0.8,0.9,0.75,1
FT132,M-Link,2,2020,2,2020-03-31,South Africa,Insurance Tech,1.55,0,0,0,366214.75,-64.33,99495.95,27.17,0,0.0,Series A,0.0,110239,42.68,21932276.02,627812,34.93,0,4.5,5.78,0.8,0.9,0.75,2
FT132,M-Link,3,2020,3,2020-06-29,South Africa,Insurance Tech,1.8,0,0,0,368887.93,-79.92,132697.51,35.97,0,0.0,Series A,0.0,62046,-19.7,12344211.06,232905,53.0,0,8.53,13.44,0.8,0.9,0.75,3
FT132,M-Link,4,2020,4,2020-09-27,South Africa,Insurance Tech,2.05,0,0,0,333230.8,-56.07,132454.24,39.75,0,0.0,Series A,0.0,135773,75.73,27012333.74,796048,33.93,0,3.07,13.2,0.8,0.9,0.75,0
FT132,M-Link,5,2020,1,2020-12-26,South Africa,Insurance Tech,2.3,0,0,0,451275.42,-55.77,147853.27,32.76,0,0.0,Series A,0.0,136692,76.92,27195263.29,436021,62.37,0,3.97,12.52,0.8,0.9,0.75,1
FT132,M-Link,6,2021,2,2021-03-26,South Africa,Insurance Tech,2.55,0,0,0,415596.85,-46.8,155026.44,37.3,0,0.0,Series A,0.0,164423,112.81,32712382.1,781967,41.83,0,1.55,13.96,0.8,0.9,0.75,2
FT132,M-Link,7,2021,3,2021-06-24,South Africa,Insurance Tech,2.8,0,0,0,577131.94,-59.84,180405.75,31.26,0,0.0,Series A,0.0,124126,60.65,24695140.47,705468,35.01,0,3.42,9.09,0.8,0.9,0.75,3
FT132,M-Link,8,2021,4,2021-09-22,South Africa,Insurance Tech,3.05,0,0,0,847285.16,-44.34,256883.11,30.32,0,7141818.88,Series B,7141818.88,172011,122.63,34222020.0,1163136,29.42,0,3.84,8.76,0.8,0.9,0.75,0
FT132,M-Link,9,2021,1,2021-12-21,South Africa,Insurance Tech,3.3,0,0,0,584270.69,-42.42,120742.81,20.67,0,0.0,Series A,0.0,177952,130.32,35404017.58,1146328,30.88,0,4.7,10.82,0.8,0.9,0.75,1
FT132,M-Link,10,2022,2,2022-03-21,South Africa,Insurance Tech,3.55,0,0,0,557737.1,-35.92,166378.58,29.83,0,0.0,Series A,0.0,198054,156.33,39403235.04,1492845,26.39,0,3.11,10.44,0.8,0.9,0.75,2
FT132,M-Link,11,2022,3,2022-06-19,South Africa,Insurance Tech,3.8,0,0,0,834382.51,-38.77,239781.0,28.74,0,0.0,Series A,0.0,189237,144.92,37649202.18,565419,66.59,0,6.44,12.94,0.8,0.9,0.75,3
FT132,M-Link,12,2022,4,2022-09-17,South Africa,Insurance Tech,4.05,0,0,0,718040.08,-18.01,114593.14,15.96,0,0.0,Series A,0.0,253402,227.97,50414952.79,674964,74.69,0,2.28,13.04,0.8,0.9,0.75,0
FT132,M-Link,13,2022,1,2022-12-16,South Africa,Insurance Tech,4.3,0,0,0,1150003.06,-17.05,274089.31,23.83,0,0.0,Series A,0.0,256352,231.79,51001758.14,1495913,34.09,0,6.06,13.69,0.8,0.9,0.75,1
FT132,M-Link,14,2023,2,2023-03-16,South Africa,Insurance Tech,4.55,0,0,0,1100778.88,1.55,259436.47,23.57,0,0.0,Series A,0.0,313855,306.21,62442197.02,1546834,40.37,0,3.53,6.74,0.8,0.9,0.75,2
FT132,M-Link,15,2023,3,2023-06-14,South Africa,Insurance Tech,4.8,0,0,0,1451926.22,-18.94,271814.96,18.72,0,0.0,Series A,0.0,250526,224.25,49842688.0,803576,62.03,0,7.76,13.22,0.8,0.9,0.75,3
FT132,M-Link,16,2023,4,2023-09-12,South Africa,Insurance Tech,5.05,0,0,0,2240364.05,24.69,611630.74,27.3,0,0.0,Series A,0.0,385348,398.74,76665753.1,2155113,35.57,0,5.98,6.54,0.8,0.9,0.75,0
FT133,M-Hub,1,2020,1,2020-01-01,South Africa,Crypto Exchange,2.4,0,0,0,669799.94,0.0,191809.78,28.64,0,0.0,Series A,0.0,107833,19.69,35050510.74,942714,37.18,0,9.11,15.19,0.8,0.9,0.75,1
FT133,M-Hub,2,2020,2,2020-03-31,South Africa,Crypto Exchange,2.65,0,0,0,939807.93,-69.09,301098.44,32.04,0,0.0,Series A,0.0,111392,23.64,36207334.01,679759,53.26,0,4.99,6.44,0.8,0.9,0.75,2
FT133,M-Hub,3,2020,3,2020-06-29,South Africa,Crypto Exchange,2.9,0,0,0,695825.74,-69.31,221622.45,31.85,0,0.0,Series A,0.0,110604,22.76,35951355.48,283728,126.71,0,7.45,10.66,0.8,0.9,0.75,3
FT133,M-Hub,4,2020,4,2020-09-27,South Africa,Crypto Exchange,3.15,0,0,0,720536.44,-65.74,188382.56,26.14,0,0.0,Series A,0.0,123451,37.02,40127195.79,590837,67.92,0,7.26,9.03,0.8,0.9,0.75,0
FT133,M-Hub,5,2020,1,2020-12-26,South Africa,Crypto Exchange,3.4,0,0,0,534101.35,-58.18,189200.8,35.42,0,0.0,Series A,0.0,150719,67.29,48990324.96,1029838,47.57,0,5.2,10.09,0.8,0.9,0.75,1
FT133,M-Hub,6,2021,2,2021-03-26,South Africa,Crypto Exchange,3.65,0,0,0,1339104.35,-52.36,193234.23,14.43,0,0.0,Series A,0.0,171700,90.57,55810213.47,1193146,46.78,0,9.46,10.87,0.8,0.9,0.75,2
FT133,M-Hub,7,2021,3,2021-06-24,South Africa,Crypto Exchange,3.9,0,0,0,1344970.82,-57.4,274866.68,20.44,0,0.0,Series A,0.0,153533,70.41,49904967.45,693848,71.92,0,8.76,14.58,0.8,0.9,0.75,3
FT133,M-Hub,8,2021,4,2021-09-22,South Africa,Crypto Exchange,4.15,0,0,0,940555.94,-48.35,224915.52,23.91,0,0.0,Series A,0.0,186151,106.61,60507313.52,879450,68.8,0,4.19,12.21,0.8,0.9,0.75,0
FT133,M-Hub,9,2021,1,2021-12-21,South Africa,Crypto Exchange,4.4,0,0,0,731897.97,-43.26,241758.91,33.03,0,0.0,Series A,0.0,204472,126.95,66462364.24,1471882,45.15,0,4.55,7.53,0.8,0.9,0.75,1
FT133,M-Hub,10,2022,2,2022-03-21,South Africa,Crypto Exchange,4.65,0,0,0,1100565.47,-39.39,275926.58,25.07,0,2797761.54,Series B,2797761.54,218423,142.43,70997189.74,729980,97.26,0,4.69,8.74,0.8,0.9,0.75,2
FT133,M-Hub,11,2022,3,2022-06-19,South Africa,Crypto Exchange,4.9,0,0,0,1259043.39,-35.87,240650.95,19.11,0,0.0,Series A,0.0,231102,156.51,75118118.78,1197063,62.75,0,7.0,13.12,0.8,0.9,0.75,3
FT133,M-Hub,12,2022,4,2022-09-17,South Africa,Crypto Exchange,5.15,0,0,0,1499767.78,-21.18,464154.57,30.95,0,0.0,Series A,0.0,284052,215.28,92329399.79,1542522,59.86,0,6.89,13.88,0.8,0.9,0.75,0
FT133,M-Hub,13,2022,1,2022-12-16,South Africa,Crypto Exchange,5.4,0,0,0,2313446.17,-20.58,445523.58,19.26,0,0.0,Series A,0.0,286214,217.68,93031939.27,818049,113.72,0,11.6,15.64,0.8,0.9,0.75,1
FT133,M-Hub,14,2023,2,2023-03-16,South Africa,Crypto Exchange,5.65,0,0,0,2330032.63,-9.16,459660.31,19.73,0,0.0,Series A,0.0,327375,263.36,106411162.44,1506013,70.66,0,4.38,11.35,0.8,0.9,0.75,2
FT133,M-Hub,15,2023,3,2023-06-14,South Africa,Crypto Exchange,5.9,0,0,0,3356363.3,-3.07,776770.33,23.14,0,0.0,Series A,0.0,349320,287.72,113544105.88,2277633,49.85,0,8.86,7.91,0.8,0.9,0.75,3
FT133,M-Hub,16,2023,4,2023-09-12,South Africa,Crypto Exchange,6.15,0,0,0,3983105.65,14.42,1742629.98,43.75,0,0.0,Series A,0.0,412369,357.7,134037729.11,2849232,47.04,0,10.82,15.33,0.8,0.9,0.75,0
FT134,Pay,1,2020,1,2020-01-01,Senegal,Crypto Exchange,13.8,0,0,0,11633.8,0.0,5048.43,43.39,0,0.0,Series A,0.0,11337,8.73,929250.4,44529,20.87,0,0.8,10.88,0.18,0.65,0.65,1
FT134,Pay,2,2020,2,2020-03-31,Senegal,Crypto Exchange,14.05,0,0,0,23527.87,-70.77,5535.63,23.53,0,0.0,Series A,0.0,12191,16.92,999211.61,90111,11.09,0,2.66,13.17,0.18,0.65,0.65,2
FT134,Pay,3,2020,3,2020-06-29,Senegal,Crypto Exchange,14.3,0,0,0,27144.12,-71.23,5713.24,21.05,0,4276399.64,Seed,4276399.64,11998,15.07,983428.03,39561,24.86,0,3.28,8.64,0.18,0.65,0.65,3
FT134,Pay,4,2020,4,2020-09-27,Senegal,Crypto Exchange,14.55,0,0,0,37435.01,-62.34,7892.72,21.08,0,0.0,Series A,0.0,15707,50.64,1287397.52,120146,10.72,0,3.26,14.7,0.18,0.65,0.65,0
FT134,Pay,5,2020,1,2020-12-26,Senegal,Crypto Exchange,14.8,0,0,0,41421.75,-58.94,19084.25,46.07,0,0.0,Series A,0.0,17125,64.24,1403668.34,115173,12.19,0,2.14,14.78,0.18,0.65,0.65,1
FT134,Pay,6,2021,2,2021-03-26,Senegal,Crypto Exchange,15.05,0,0,0,40586.03,-59.78,14253.9,35.12,0,0.0,Series A,0.0,16773,60.87,1374776.78,49709,27.66,0,2.61,6.44,0.18,0.65,0.65,2
FT134,Pay,7,2021,3,2021-06-24,Senegal,Crypto Exchange,15.3,0,0,0,20555.07,-59.12,6634.01,32.27,0,0.0,Series A,0.0,17048,63.51,1397326.08,47855,29.2,0,0.63,9.76,0.18,0.65,0.65,3
FT134,Pay,8,2021,4,2021-09-22,Senegal,Crypto Exchange,15.55,0,0,0,17744.61,-56.02,2491.93,14.04,0,0.0,Series A,0.0,18343,75.93,1503517.39,113614,13.23,0,1.44,9.19,0.18,0.65,0.65,0
FT134,Pay,9,2021,1,2021-12-21,Senegal,Crypto Exchange,15.8,0,0,0,60107.24,-34.23,17229.53,28.66,0,0.0,Series A,0.0,27431,163.09,2248315.28,120487,18.66,0,3.16,6.83,0.18,0.65,0.65,1
FT134,Pay,10,2022,2,2022-03-21,Senegal,Crypto Exchange,16.05,0,0,0,31790.88,-51.73,9281.75,29.2,0,0.0,Series A,0.0,20131,93.07,1650058.19,77235,21.36,0,1.84,13.19,0.18,0.65,0.65,2
FT134,Pay,11,2022,3,2022-06-19,Senegal,Crypto Exchange,16.3,0,0,0,28389.38,-51.5,6172.39,21.74,0,0.0,Series A,0.0,20226,93.98,1657818.85,88501,18.73,0,0.72,10.82,0.18,0.65,0.65,3
FT134,Pay,12,2022,4,2022-09-17,Senegal,Crypto Exchange,16.55,0,0,0,57521.5,-34.27,19981.14,34.74,0,0.0,Series A,0.0,27412,162.9,2246826.68,189797,11.84,0,2.23,17.28,0.18,0.65,0.65,0
FT134,Pay,13,2022,1,2022-12-16,Senegal,Crypto Exchange,16.8,0,0,0,50979.72,-12.73,12154.73,23.84,0,0.0,Series A,0.0,36395,249.06,2983051.02,198119,15.06,0,1.34,6.54,0.18,0.65,0.65,1
FT134,Pay,14,2023,2,2023-03-16,Senegal,Crypto Exchange,17.05,0,0,0,31088.66,-16.81,11787.33,37.92,0,0.0,Series A,0.0,34694,232.75,2843606.44,211476,13.45,0,0.89,6.09,0.18,0.65,0.65,2
FT134,Pay,15,2023,3,2023-06-14,Senegal,Crypto Exchange,17.3,0,0,0,43536.41,-36.29,13689.21,31.44,0,0.0,Series A,0.0,26570,154.83,2177773.78,180088,12.09,0,2.0,16.18,0.18,0.65,0.65,3
FT134,Pay,16,2023,4,2023-09-12,Senegal,Crypto Exchange,17.55,0,0,0,67400.71,4.05,23262.42,34.51,0,0.0,Series A,0.0,43395,316.2,3556763.25,95596,37.21,0,2.24,10.78,0.18,0.65,0.65,0
FT135,PrimeDigital,1,2020,1,2020-01-01,Senegal,Payment Gateway,2.4,0,0,0,97532.23,0.0,28759.34,29.49,0,0.0,Seed,0.0,43868,23.57,3315511.43,241430,13.73,0,1.69,18.34,0.18,0.65,0.65,1
FT135,PrimeDigital,2,2020,2,2020-03-31,Senegal,Payment Gateway,2.65,0,0,0,92027.05,-67.38,23195.1,25.2,0,0.0,Seed,0.0,46325,30.49,3501184.58,211972,16.52,0,1.27,15.04,0.18,0.65,0.65,2
FT135,PrimeDigital,3,2020,3,2020-06-29,Senegal,Payment Gateway,2.9,0,0,0,28828.78,-74.27,10100.11,35.03,0,0.0,Seed,0.0,36535,2.91,2761292.01,99360,27.79,0,0.79,9.78,0.18,0.65,0.65,3
FT135,PrimeDigital,4,2020,4,2020-09-27,Senegal,Payment Gateway,3.15,0,0,0,70808.19,-72.61,17855.87,25.22,0,0.0,Seed,0.0,38899,9.57,2939896.6,237710,12.37,0,2.21,10.17,0.18,0.65,0.65,0
FT135,PrimeDigital,5,2020,1,2020-12-26,Senegal,Payment Gateway,3.4,0,0,0,89951.39,-63.91,17766.1,19.75,0,0.0,Seed,0.0,51241,44.34,3872743.53,239249,16.19,0,1.63,7.81,0.18,0.65,0.65,1
FT135,PrimeDigital,6,2021,2,2021-03-26,Senegal,Payment Gateway,3.65,0,0,0,39395.35,-64.37,8467.5,21.49,0,0.0,Seed,0.0,50596,42.52,3823993.41,219463,17.42,0,0.44,9.52,0.18,0.65,0.65,2
FT135,PrimeDigital,7,2021,3,2021-06-24,Senegal,Payment Gateway,3.9,0,0,0,59535.56,-68.71,26557.1,44.61,0,0.0,Seed,0.0,44426,25.14,3357680.26,272574,12.32,0,1.69,12.36,0.18,0.65,0.65,3
FT135,PrimeDigital,8,2021,4,2021-09-22,Senegal,Payment Gateway,4.15,0,0,0,85780.64,-66.2,38116.62,44.43,0,0.0,Seed,0.0,48000,35.21,3627741.25,305140,11.89,0,2.18,11.49,0.18,0.65,0.65,0
FT135,PrimeDigital,9,2021,1,2021-12-21,Senegal,Payment Gateway,4.4,0,0,0,57052.91,-56.01,11617.03,20.36,0,0.0,Seed,0.0,62462,75.95,4720751.92,187469,25.18,0,0.77,15.4,0.18,0.65,0.65,1
FT135,PrimeDigital,10,2022,2,2022-03-21,Senegal,Payment Gateway,4.65,0,0,0,90806.75,-62.17,43012.14,47.37,0,0.0,Seed,0.0,53718,51.31,4059889.14,173409,23.41,0,1.78,18.67,0.18,0.65,0.65,2
FT135,PrimeDigital,11,2022,3,2022-06-19,Senegal,Payment Gateway,4.9,0,0,0,95677.25,-63.04,19304.54,20.18,0,7227861.41,Series B,7227861.41,52483,47.84,3966583.85,208018,19.07,0,1.51,8.9,0.18,0.65,0.65,3
FT135,PrimeDigital,12,2022,4,2022-09-17,Senegal,Payment Gateway,5.15,0,0,0,94263.3,-56.31,40742.35,43.22,0,0.0,Seed,0.0,62047,74.78,4689418.66,314105,14.93,0,1.38,10.7,0.18,0.65,0.65,0
FT135,PrimeDigital,13,2022,1,2022-12-16,Senegal,Payment Gateway,5.4,0,0,0,71913.33,-41.1,21087.45,29.32,0,0.0,Seed,0.0,83634,135.58,6320856.01,555841,11.37,0,1.15,18.29,0.18,0.65,0.65,1
FT135,PrimeDigital,14,2023,2,2023-03-16,Senegal,Payment Gateway,5.65,0,0,0,65433.02,-44.43,29381.36,44.9,0,0.0,Seed,0.0,78918,122.3,5964441.86,369940,16.12,0,0.75,8.09,0.18,0.65,0.65,2
FT135,PrimeDigital,15,2023,3,2023-06-14,Senegal,Payment Gateway,5.9,0,0,0,107850.3,-48.07,30766.45,28.53,0,0.0,Seed,0.0,73735,107.7,5572748.06,268168,20.78,0,0.89,7.84,0.18,0.65,0.65,3
FT135,PrimeDigital,16,2023,4,2023-09-12,Senegal,Payment Gateway,6.15,0,0,0,118006.12,-45.37,35830.74,30.36,0,0.0,Seed,0.0,77573,118.51,5862803.36,552074,10.62,0,2.17,14.85,0.18,0.65,0.65,0
FT136,PrimeHub,1,2020,1,2020-01-01,Ethiopia,Mobile Money,1.4,0,0,0,228104.62,0.0,97613.39,42.79,0,0.0,Series A,0.0,19387,28.74,8780261.74,47350,185.43,173,13.66,11.63,0.5,0.55,0.5,1
FT136,PrimeHub,2,2020,2,2020-03-31,Ethiopia,Mobile Money,1.65,0,0,0,204634.16,-67.55,57908.81,28.3,0,0.0,Series A,0.0,19543,29.78,8850846.69,51767,170.97,197,10.05,8.26,0.5,0.55,0.5,2
FT136,PrimeHub,3,2020,3,2020-06-29,Ethiopia,Mobile Money,1.9,0,0,0,178433.56,-70.92,57654.71,32.31,0,0.0,Series A,0.0,17514,16.31,7931791.2,124356,63.78,187,8.76,10.12,0.5,0.55,0.5,3
FT136,PrimeHub,4,2020,4,2020-09-27,Ethiopia,Mobile Money,2.15,0,0,0,133637.88,-63.98,29417.14,22.01,0,0.0,Series A,0.0,21695,44.07,9825593.86,79314,123.88,119,4.6,15.54,0.5,0.55,0.5,0
FT136,PrimeHub,5,2020,1,2020-12-26,Ethiopia,Mobile Money,2.4,0,0,0,233603.96,-54.7,57018.86,24.41,0,0.0,Series A,0.0,27283,81.18,12356348.18,227350,54.35,397,7.52,11.83,0.5,0.55,0.5,1
FT136,PrimeHub,6,2021,2,2021-03-26,Ethiopia,Mobile Money,2.65,0,0,0,297936.76,-51.15,129500.1,43.47,0,0.0,Series A,0.0,29423,95.39,13325516.3,112689,118.25,536,14.89,12.77,0.5,0.55,0.5,2
FT136,PrimeHub,7,2021,3,2021-06-24,Ethiopia,Mobile Money,2.9,0,0,0,172026.71,-54.25,45427.92,26.41,0,0.0,Series A,0.0,27555,82.99,12479533.81,68338,182.61,519,6.39,12.76,0.5,0.55,0.5,3
FT136,PrimeHub,8,2021,4,2021-09-22,Ethiopia,Mobile Money,3.15,0,0,0,261899.06,-37.58,66801.62,25.51,0,0.0,Series A,0.0,37598,149.68,17027804.28,100065,170.17,299,4.38,7.7,0.5,0.55,0.5,0
FT136,PrimeHub,9,2021,1,2021-12-21,Ethiopia,Mobile Money,3.4,0,0,0,201515.2,-40.65,36828.47,18.28,0,4143393.4,Series B,4143393.4,35747,137.39,16189475.36,209291,77.35,215,7.28,12.99,0.5,0.55,0.5,1
FT136,PrimeHub,10,2022,2,2022-03-21,Ethiopia,Mobile Money,3.65,0,0,0,308107.87,-23.31,114567.83,37.18,0,0.0,Series A,0.0,46192,206.75,20919759.23,342371,61.1,592,3.69,12.76,0.5,0.55,0.5,2
FT136,PrimeHub,11,2022,3,2022-06-19,Ethiopia,Mobile Money,3.9,0,0,0,540211.4,-29.44,62881.4,11.64,0,0.0,Series A,0.0,42500,182.23,19247604.6,138873,138.6,730,13.65,7.25,0.5,0.55,0.5,3
FT136,PrimeHub,12,2022,4,2022-09-17,Ethiopia,Mobile Money,4.15,0,0,0,513596.58,-22.38,99978.1,19.47,0,0.0,Series A,0.0,46755,210.49,21174821.91,283440,74.71,713,16.25,7.11,0.5,0.55,0.5,0
FT136,PrimeHub,13,2022,1,2022-12-16,Ethiopia,Mobile Money,4.4,0,0,0,275062.67,-3.46,71386.8,25.95,0,4574826.06,Series C,4574826.06,58151,286.17,26335867.46,193259,136.27,955,6.87,15.6,0.5,0.55,0.5,1
FT136,PrimeHub,14,2023,2,2023-03-16,Ethiopia,Mobile Money,4.65,0,0,0,584265.67,-26.16,200831.29,34.37,0,0.0,Series A,0.0,44474,195.34,20141753.98,201547,99.94,388,13.23,6.61,0.5,0.55,0.5,2
FT136,PrimeHub,15,2023,3,2023-06-14,Ethiopia,Mobile Money,4.9,0,0,0,315322.37,-12.27,82102.3,26.04,0,0.0,Series A,0.0,52844,250.92,23932431.5,273765,87.42,1026,4.75,6.98,0.5,0.55,0.5,3
FT136,PrimeHub,16,2023,4,2023-09-12,Ethiopia,Mobile Money,5.15,0,0,0,654785.32,20.66,208461.9,31.84,0,0.0,Series A,0.0,72678,382.64,32914758.17,364728,90.24,566,7.5,11.17,0.5,0.55,0.5,0
FT137,PrimeTech,1,2020,1,2020-01-01,Kenya,Remittance,1.0,0,0,0,468847.94,0.0,168686.05,35.98,0,0.0,Series B,0.0,61487,3.84,16407923.3,506465,32.4,0,8.61,18.96,0.4,0.8,0.7,1
FT137,PrimeTech,2,2020,2,2020-03-31,Kenya,Remittance,1.25,0,0,0,490305.57,-71.43,145414.1,29.66,0,0.0,Series B,0.0,67669,14.28,18057657.35,539755,33.46,0,9.43,11.51,0.4,0.8,0.7,2
FT137,PrimeTech,3,2020,3,2020-06-29,Kenya,Remittance,1.5,0,0,0,282505.16,-73.92,90652.06,32.09,0,0.0,Series B,0.0,61760,4.3,16480942.63,160151,102.91,0,2.86,11.45,0.4,0.8,0.7,3
FT137,PrimeTech,4,2020,4,2020-09-27,Kenya,Remittance,1.75,0,0,0,219921.62,-74.16,63313.75,28.79,0,0.0,Series B,0.0,61196,3.35,16330217.18,488461,33.43,0,1.91,15.87,0.4,0.8,0.7,0
FT137,PrimeTech,5,2020,1,2020-12-26,Kenya,Remittance,2.0,0,0,0,794464.1,-57.86,353025.11,44.44,0,0.0,Series B,0.0,99813,68.57,26635214.28,545349,48.84,0,7.56,18.03,0.4,0.8,0.7,1
FT137,PrimeTech,6,2021,2,2021-03-26,Kenya,Remittance,2.25,0,0,0,268476.79,-61.04,89974.44,33.51,0,0.0,Series B,0.0,92283,55.85,24625882.52,494639,49.79,0,3.2,14.4,0.4,0.8,0.7,2
FT137,PrimeTech,7,2021,3,2021-06-24,Kenya,Remittance,2.5,0,0,0,356531.91,-61.74,63736.09,17.88,0,0.0,Series B,0.0,90618,53.04,24181676.55,473866,51.03,0,5.89,16.52,0.4,0.8,0.7,3
FT137,PrimeTech,8,2021,4,2021-09-22,Kenya,Remittance,2.75,0,0,0,815166.12,-55.57,301797.1,37.02,0,0.0,Series B,0.0,105234,77.72,28081955.99,733997,38.26,0,6.42,16.99,0.4,0.8,0.7,0
FT137,PrimeTech,9,2021,1,2021-12-21,Kenya,Remittance,3.0,0,0,0,501060.48,-47.8,121571.13,24.26,0,0.0,Series B,0.0,123632,108.8,32991359.42,1085635,30.39,0,2.68,17.7,0.4,0.8,0.7,1
FT137,PrimeTech,10,2022,2,2022-03-21,Kenya,Remittance,3.25,0,0,0,857883.82,-48.78,297630.43,34.69,0,0.0,Series B,0.0,121320,104.89,32374591.04,676083,47.89,0,6.23,18.68,0.4,0.8,0.7,2
FT137,PrimeTech,11,2022,3,2022-06-19,Kenya,Remittance,3.5,0,0,0,314722.33,-52.69,83738.58,26.61,0,5686944.29,Series B,5686944.29,112046,89.23,29899834.28,441039,67.79,0,1.62,9.97,0.4,0.8,0.7,3
FT137,PrimeTech,12,2022,4,2022-09-17,Kenya,Remittance,3.75,0,0,0,909804.42,-47.06,183202.37,20.14,0,0.0,Series B,0.0,125389,111.76,33460289.14,317053,105.54,0,10.67,12.81,0.4,0.8,0.7,0
FT137,PrimeTech,13,2022,1,2022-12-16,Kenya,Remittance,4.0,0,0,0,1167225.39,-31.39,246089.07,21.08,0,0.0,Series B,0.0,162489,174.42,43360350.27,876809,49.45,0,4.96,14.59,0.4,0.8,0.7,1
FT137,PrimeTech,14,2023,2,2023-03-16,Kenya,Remittance,4.25,0,0,0,979044.67,-28.5,161607.04,16.51,0,1366802.74,Series C,1366802.74,169335,185.98,45187213.51,541514,83.45,0,3.34,11.39,0.4,0.8,0.7,2
FT137,PrimeTech,15,2023,3,2023-06-14,Kenya,Remittance,4.5,0,0,0,1054793.07,-40.26,440689.47,41.78,0,0.0,Series B,0.0,141484,138.95,37755369.19,817733,46.17,0,10.08,15.6,0.4,0.8,0.7,3
FT137,PrimeTech,16,2023,4,2023-09-12,Kenya,Remittance,4.75,0,0,0,748431.24,-29.49,173932.62,23.24,0,0.0,Series B,0.0,167009,182.05,44566650.32,1034068,43.1,0,5.71,10.27,0.4,0.8,0.7,0
FT138,PrimeDigital,1,2020,1,2020-01-01,Ethiopia,Remittance,1.4,0,0,0,91549.93,0.0,20902.47,22.83,0,0.0,Series A,0.0,11515,32.2,4423612.61,79114,55.91,0,9.81,13.31,0.5,0.55,0.5,1
FT138,PrimeDigital,2,2020,2,2020-03-31,Ethiopia,Remittance,1.65,0,0,0,97762.35,-73.94,21228.69,21.71,0,0.0,Series A,0.0,9078,4.22,3487416.7,18849,185.02,0,10.18,12.32,0.5,0.55,0.5,2
FT138,PrimeDigital,3,2020,3,2020-06-29,Ethiopia,Remittance,1.9,0,0,0,82949.15,-75.94,29250.63,35.26,0,0.0,Series A,0.0,8381,-3.78,3219715.83,55597,57.91,0,10.84,15.72,0.5,0.55,0.5,3
FT138,PrimeDigital,4,2020,4,2020-09-27,Ethiopia,Remittance,2.15,0,0,0,58635.25,-74.24,16465.65,28.08,0,0.0,Series A,0.0,8975,3.04,3447844.6,59363,58.08,0,6.99,14.83,0.5,0.55,0.5,0
FT138,PrimeDigital,5,2020,1,2020-12-26,Ethiopia,Remittance,2.4,0,0,0,76369.5,-63.97,25206.83,33.01,0,0.0,Series A,0.0,12553,44.12,4822557.51,39778,121.24,0,3.37,12.34,0.5,0.55,0.5,1
FT138,PrimeDigital,6,2021,2,2021-03-26,Ethiopia,Remittance,2.65,0,0,0,114180.27,-58.77,40950.55,35.86,0,0.0,Series A,0.0,14363,64.9,5517731.87,60438,91.3,0,5.44,14.44,0.5,0.55,0.5,2
FT138,PrimeDigital,7,2021,3,2021-06-24,Ethiopia,Remittance,2.9,0,0,0,61530.96,-63.21,19064.58,30.98,0,4710944.74,Series A,4710944.74,12816,47.14,4923646.57,83721,58.81,0,4.17,14.3,0.5,0.55,0.5,3
FT138,PrimeDigital,8,2021,4,2021-09-22,Ethiopia,Remittance,3.15,0,0,0,73612.67,-53.06,25447.29,34.57,0,0.0,Series A,0.0,16355,87.77,6283184.53,124788,50.35,0,5.74,11.53,0.5,0.55,0.5,0
FT138,PrimeDigital,9,2021,1,2021-12-21,Ethiopia,Remittance,3.4,0,0,0,91309.18,-48.55,37330.55,40.88,0,0.0,Series A,0.0,17926,105.8,6886722.42,108189,63.65,0,7.27,12.49,0.5,0.55,0.5,1
FT138,PrimeDigital,10,2022,2,2022-03-21,Ethiopia,Remittance,3.65,0,0,0,112880.55,-44.96,33699.95,29.85,0,0.0,Series A,0.0,19177,120.17,7367338.54,60457,121.86,0,5.25,13.01,0.5,0.55,0.5,2
FT138,PrimeDigital,11,2022,3,2022-06-19,Ethiopia,Remittance,3.9,0,0,0,95045.45,-52.74,39388.11,41.44,0,0.0,Series A,0.0,16466,89.04,6325742.85,31809,198.87,0,7.02,13.58,0.5,0.55,0.5,3
FT138,PrimeDigital,12,2022,4,2022-09-17,Ethiopia,Remittance,4.15,0,0,0,118689.21,-43.31,28858.26,24.31,0,0.0,Series A,0.0,19752,126.77,7588168.06,140535,53.99,0,5.44,7.31,0.5,0.55,0.5,0
FT138,PrimeDigital,13,2022,1,2022-12-16,Ethiopia,Remittance,4.4,0,0,0,102905.46,-41.06,44511.49,43.25,0,0.0,Series A,0.0,20534,135.75,7888375.86,55295,142.66,0,4.21,7.62,0.5,0.55,0.5,1
FT138,PrimeDigital,14,2023,2,2023-03-16,Ethiopia,Remittance,4.65,0,0,0,234075.0,-41.57,93073.15,39.76,0,0.0,Series A,0.0,20356,133.7,7820221.09,119574,65.4,0,7.81,12.36,0.5,0.55,0.5,2
FT138,PrimeDigital,15,2023,3,2023-06-14,Ethiopia,Remittance,4.9,0,0,0,216095.52,-41.95,50418.16,23.33,0,0.0,Series A,0.0,20223,132.18,7768983.84,62862,123.59,0,7.11,11.43,0.5,0.55,0.5,3
FT138,PrimeDigital,16,2023,4,2023-09-12,Ethiopia,Remittance,5.15,0,0,0,149582.51,-36.89,64063.24,42.83,0,0.0,Series A,0.0,21988,152.44,8447141.55,127288,66.36,0,9.45,17.96,0.5,0.55,0.5,0
FT139,Bank,1,2020,1,2020-01-01,Uganda,Digital Banking,5.1,0,0,0,331172.0,0.0,150357.42,45.4,0,0.0,Series B,0.0,41450,41.31,12308922.59,277875,44.3,0,11.15,12.45,0.2,0.6,0.55,1
FT139,Bank,2,2020,2,2020-03-31,Uganda,Digital Banking,5.35,0,0,0,196059.23,-67.34,40028.01,20.42,0,0.0,Series B,0.0,38316,30.63,11378212.68,171691,66.27,0,4.05,14.96,0.2,0.6,0.55,2
FT139,Bank,3,2020,3,2020-06-29,Uganda,Digital Banking,5.6,0,0,0,199951.53,-66.0,62997.27,31.51,0,0.0,Series B,0.0,39887,35.98,11844897.19,117956,100.42,0,4.92,13.14,0.2,0.6,0.55,3
FT139,Bank,4,2020,4,2020-09-27,Uganda,Digital Banking,5.85,0,0,0,186383.14,-62.8,37357.05,20.04,0,0.0,Series B,0.0,43642,48.78,12960071.08,161098,80.45,0,2.96,15.74,0.2,0.6,0.55,0
FT139,Bank,5,2020,1,2020-12-26,Uganda,Digital Banking,6.1,0,0,0,441801.44,-54.24,101427.01,22.96,0,8858054.47,Series A,8858054.47,53686,83.03,15942614.18,266972,59.72,0,7.77,15.03,0.2,0.6,0.55,1
FT139,Bank,6,2021,2,2021-03-26,Uganda,Digital Banking,6.35,0,0,0,318514.84,-61.73,107374.9,33.71,0,0.0,Series B,0.0,44907,53.1,13335635.23,223333,59.71,0,6.04,6.5,0.2,0.6,0.55,2
FT139,Bank,7,2021,3,2021-06-24,Uganda,Digital Banking,6.6,0,0,0,405391.52,-58.21,114107.74,28.15,0,0.0,Series B,0.0,49036,67.17,14561791.64,175171,83.13,0,9.02,10.31,0.2,0.6,0.55,3
FT139,Bank,8,2021,4,2021-09-22,Uganda,Digital Banking,6.85,0,0,0,476175.41,-49.24,120951.17,25.4,0,0.0,Series B,0.0,59556,103.04,17685806.86,468571,37.74,0,8.49,6.03,0.2,0.6,0.55,0
FT139,Bank,9,2021,1,2021-12-21,Uganda,Digital Banking,7.1,0,0,0,385903.4,-44.07,95212.72,24.67,0,0.0,Series B,0.0,65626,123.73,19488285.26,455759,42.76,0,7.26,14.0,0.2,0.6,0.55,1
FT139,Bank,10,2022,2,2022-03-21,Uganda,Digital Banking,7.35,0,0,0,442115.59,-40.81,87925.32,19.89,0,0.0,Series B,0.0,69441,136.74,20621217.69,515334,40.02,0,4.23,5.99,0.2,0.6,0.55,2
FT139,Bank,11,2022,3,2022-06-19,Uganda,Digital Banking,7.6,0,0,0,394285.91,-39.22,85194.18,21.61,0,0.0,Series B,0.0,71308,143.1,21175549.46,512608,41.31,0,3.09,10.98,0.2,0.6,0.55,3
FT139,Bank,12,2022,4,2022-09-17,Uganda,Digital Banking,7.85,0,0,0,638547.53,-38.84,159001.45,24.9,0,0.0,Series B,0.0,71760,144.64,21309753.46,445043,47.88,0,10.58,11.53,0.2,0.6,0.55,0
FT139,Bank,13,2022,1,2022-12-16,Uganda,Digital Banking,8.1,0,0,0,430165.38,-8.24,138110.55,32.11,0,0.0,Series B,0.0,107660,267.04,31970414.77,766785,41.69,0,5.19,13.39,0.2,0.6,0.55,1
FT139,Bank,14,2023,2,2023-03-16,Uganda,Digital Banking,8.35,0,0,0,494437.36,-9.56,148771.79,30.09,0,0.0,Series B,0.0,106110,261.75,31510217.61,546360,57.67,0,3.19,12.33,0.2,0.6,0.55,2
FT139,Bank,15,2023,3,2023-06-14,Uganda,Digital Banking,8.6,0,0,0,421043.87,0.68,91038.06,21.62,0,0.0,Series B,0.0,118121,302.7,35076991.93,477710,73.43,0,3.88,7.27,0.2,0.6,0.55,3
FT139,Bank,16,2023,4,2023-09-12,Uganda,Digital Banking,8.85,0,0,0,791412.11,25.42,321074.16,40.57,0,0.0,Series B,0.0,147156,401.69,43699065.18,411344,106.23,0,5.54,10.33,0.2,0.6,0.55,0
FT140,Safe,1,2020,1,2020-01-01,Kenya,Remittance,2.0,0,0,0,562388.8,0.0,176164.45,31.32,0,0.0,Seed,0.0,59858,6.13,28624332.53,249080,114.92,0,11.13,10.83,0.4,0.8,0.7,1
FT140,Safe,2,2020,2,2020-03-31,Kenya,Remittance,2.25,0,0,0,890369.39,-69.87,188114.23,21.13,0,0.0,Seed,0.0,67980,20.53,32508068.02,487971,66.62,0,6.59,10.05,0.4,0.8,0.7,2
FT140,Safe,3,2020,3,2020-06-29,Kenya,Remittance,2.5,0,0,0,450453.26,-66.59,133095.83,29.55,0,0.0,Seed,0.0,75372,33.64,36042989.82,329587,109.36,0,7.02,13.29,0.4,0.8,0.7,3
FT140,Safe,4,2020,4,2020-09-27,Kenya,Remittance,2.75,0,0,0,591287.71,-61.01,162705.19,27.52,0,0.0,Seed,0.0,87953,55.94,42059036.18,491313,85.61,0,3.49,16.59,0.4,0.8,0.7,0
FT140,Safe,5,2020,1,2020-12-26,Kenya,Remittance,3.0,0,0,0,1202753.56,-60.83,457277.16,38.02,0,0.0,Seed,0.0,88361,56.67,42254085.22,553902,76.28,0,12.39,15.24,0.4,0.8,0.7,1
FT140,Safe,6,2021,2,2021-03-26,Kenya,Remittance,3.25,0,0,0,526699.51,-56.69,251911.7,47.83,0,0.0,Seed,0.0,97702,73.23,46721107.89,418543,111.63,0,6.57,8.03,0.4,0.8,0.7,2
FT140,Safe,7,2021,3,2021-06-24,Kenya,Remittance,3.5,0,0,0,1066170.78,-55.1,287550.11,26.97,0,0.0,Seed,0.0,101292,79.59,48437752.12,321915,150.47,0,11.78,16.86,0.4,0.8,0.7,3
FT140,Safe,8,2021,4,2021-09-22,Kenya,Remittance,3.75,0,0,0,1013314.44,-47.33,397120.91,39.19,0,0.0,Seed,0.0,118815,110.66,56817009.97,541920,104.84,0,7.07,7.09,0.4,0.8,0.7,0
FT140,Safe,9,2021,1,2021-12-21,Kenya,Remittance,4.0,0,0,0,731832.49,-44.0,241685.08,33.02,0,0.0,Seed,0.0,126325,123.98,60408607.98,612901,98.56,0,4.1,11.86,0.4,0.8,0.7,1
FT140,Safe,10,2022,2,2022-03-21,Kenya,Remittance,4.25,0,0,0,1197706.07,-44.13,429813.02,35.89,0,0.0,Seed,0.0,126041,123.48,60272406.84,462286,130.38,0,5.95,6.31,0.4,0.8,0.7,2
FT140,Safe,11,2022,3,2022-06-19,Kenya,Remittance,4.5,0,0,0,1220616.55,-41.55,382190.8,31.31,0,0.0,Seed,0.0,131874,133.82,63062071.36,592383,106.45,0,9.25,11.74,0.4,0.8,0.7,3
FT140,Safe,12,2022,4,2022-09-17,Kenya,Remittance,4.75,0,0,0,1915069.4,-26.72,654505.76,34.18,0,0.0,Seed,0.0,165321,193.12,79056228.32,1016957,77.74,0,12.01,10.88,0.4,0.8,0.7,0
FT140,Safe,13,2022,1,2022-12-16,Kenya,Remittance,5.0,0,0,0,2111045.26,-19.08,377147.13,17.87,0,0.0,Seed,0.0,182551,223.67,87295536.94,1484346,58.81,0,7.61,6.3,0.4,0.8,0.7,1
FT140,Safe,14,2023,2,2023-03-16,Kenya,Remittance,5.25,0,0,0,2632759.55,-17.75,984837.1,37.41,0,0.0,Seed,0.0,185562,229.01,88735140.15,1015905,87.35,0,16.3,9.3,0.4,0.8,0.7,2
FT140,Safe,15,2023,3,2023-06-14,Kenya,Remittance,5.5,0,0,0,1371968.48,-27.04,550194.41,40.1,0,0.0,Seed,0.0,164596,191.83,78709327.92,586670,134.16,0,7.21,15.75,0.4,0.8,0.7,3
FT140,Safe,16,2023,4,2023-09-12,Kenya,Remittance,5.75,0,0,0,1085639.97,-4.06,174022.48,16.03,0,0.0,Seed,0.0,216451,283.78,103506403.05,1636725,63.24,0,4.46,11.62,0.4,0.8,0.7,0
FT141,Pay,1,2020,1,2020-01-01,Ghana,Digital Lending,1.8,0,0,0,88986.55,0.0,24361.79,27.38,0,0.0,Series A,0.0,26030,21.05,8595494.97,104569,82.2,0,1.96,16.66,0.3,0.65,0.6,1
FT141,Pay,2,2020,2,2020-03-31,Ghana,Digital Lending,2.05,0,0,0,93335.89,-73.31,27847.98,29.84,0,0.0,Series A,0.0,22953,6.74,7579492.66,130111,58.25,0,4.5,15.64,0.3,0.65,0.6,2
FT141,Pay,3,2020,3,2020-06-29,Ghana,Digital Lending,2.3,0,0,0,123663.92,-74.16,36647.65,29.63,0,0.0,Series A,0.0,22224,3.35,7338737.61,143486,51.15,0,6.1,8.94,0.3,0.65,0.6,3
FT141,Pay,4,2020,4,2020-09-27,Ghana,Digital Lending,2.55,0,0,0,228146.49,-64.36,85487.49,37.47,0,0.0,Series A,0.0,30655,42.56,10122786.52,203189,49.82,0,5.18,17.88,0.3,0.65,0.6,0
FT141,Pay,5,2020,1,2020-12-26,Ghana,Digital Lending,2.8,0,0,0,178054.21,-61.61,28281.16,15.88,0,0.0,Series A,0.0,33019,53.55,10903475.03,190554,57.22,0,7.04,11.94,0.3,0.65,0.6,1
FT141,Pay,6,2021,2,2021-03-26,Ghana,Digital Lending,3.05,0,0,0,335010.07,-59.0,101989.45,30.44,0,0.0,Series A,0.0,35265,64.0,11645056.45,154442,75.4,0,7.23,9.86,0.3,0.65,0.6,2
FT141,Pay,7,2021,3,2021-06-24,Ghana,Digital Lending,3.3,0,0,0,167479.61,-61.77,32987.24,19.7,0,0.0,Series A,0.0,32887,52.94,10859619.58,205998,52.72,0,3.36,12.09,0.3,0.65,0.6,3
FT141,Pay,8,2021,4,2021-09-22,Ghana,Digital Lending,3.55,0,0,0,175939.31,-53.04,21841.98,12.41,0,0.0,Series A,0.0,40390,87.83,13337279.14,174764,76.32,0,5.55,16.25,0.3,0.65,0.6,0
FT141,Pay,9,2021,1,2021-12-21,Ghana,Digital Lending,3.8,0,0,0,170075.49,-47.56,74293.19,43.68,0,0.0,Series A,0.0,45101,109.74,14893056.61,146144,101.91,0,2.79,6.75,0.3,0.65,0.6,1
FT141,Pay,10,2022,2,2022-03-21,Ghana,Digital Lending,4.05,0,0,0,228869.55,-47.9,77628.44,33.92,0,0.0,Series A,0.0,44813,108.4,14797868.42,232094,63.76,0,7.43,14.54,0.3,0.65,0.6,2
FT141,Pay,11,2022,3,2022-06-19,Ghana,Digital Lending,4.3,0,0,0,435362.46,-48.72,87067.97,20.0,0,0.0,Series A,0.0,44107,105.11,14564849.81,129188,112.74,0,10.32,13.8,0.3,0.65,0.6,3
FT141,Pay,12,2022,4,2022-09-17,Ghana,Digital Lending,4.55,0,0,0,415425.56,-39.31,171318.99,41.24,0,0.0,Series A,0.0,52202,142.76,17237794.93,298702,57.71,0,6.05,8.04,0.3,0.65,0.6,0
FT141,Pay,13,2022,1,2022-12-16,Ghana,Digital Lending,4.8,0,0,0,218952.26,-31.54,34519.95,15.77,0,0.0,Series A,0.0,58889,173.86,19445952.26,321340,60.52,0,2.5,13.2,0.3,0.65,0.6,1
FT141,Pay,14,2023,2,2023-03-16,Ghana,Digital Lending,5.05,0,0,0,528497.23,-37.24,124362.41,23.53,0,0.0,Series A,0.0,53980,151.03,17824901.75,279527,63.77,0,6.41,6.16,0.3,0.65,0.6,2
FT141,Pay,15,2023,3,2023-06-14,Ghana,Digital Lending,5.3,0,0,0,445663.01,-36.97,142686.5,32.02,0,0.0,Series A,0.0,54216,152.13,17902704.0,131383,136.26,0,6.71,8.57,0.3,0.65,0.6,3
FT141,Pay,16,2023,4,2023-09-12,Ghana,Digital Lending,5.55,0,0,0,296092.33,-17.32,139171.38,47.0,0,0.0,Series A,0.0,71112,230.7,23482157.51,187691,125.11,0,3.42,14.42,0.3,0.65,0.6,0
FT142,EasyBank,1,2020,1,2020-01-01,Senegal,Crypto Exchange,1.2,0,0,0,238096.71,0.0,74852.04,31.44,0,0.0,Bootstrapped,0.0,34224,8.43,13797449.33,235613,58.56,0,5.0,15.17,0.18,0.65,0.65,1
FT142,EasyBank,2,2020,2,2020-03-31,Senegal,Crypto Exchange,1.45,0,0,0,255088.23,-70.13,79871.7,31.31,0,0.0,Bootstrapped,0.0,37709,19.47,15202449.04,279529,54.39,0,3.81,12.09,0.18,0.65,0.65,2
FT142,EasyBank,3,2020,3,2020-06-29,Senegal,Crypto Exchange,1.7,0,0,0,399388.39,-68.3,116251.92,29.11,0,0.0,Bootstrapped,0.0,40023,26.81,16135455.2,123646,130.5,0,13.09,9.5,0.18,0.65,0.65,3
FT142,EasyBank,4,2020,4,2020-09-27,Senegal,Crypto Exchange,1.95,0,0,0,194462.76,-67.73,36812.58,18.93,0,0.0,Bootstrapped,0.0,40742,29.08,16425202.3,122479,134.11,0,4.47,11.47,0.18,0.65,0.65,0
FT142,EasyBank,5,2020,1,2020-12-26,Senegal,Crypto Exchange,2.2,0,0,0,381058.85,-61.15,78137.3,20.51,0,0.0,Bootstrapped,0.0,49050,55.41,19774687.88,263974,74.91,0,8.59,6.95,0.18,0.65,0.65,1
FT142,EasyBank,6,2021,2,2021-03-26,Senegal,Crypto Exchange,2.45,0,0,0,512952.35,-60.41,123980.2,24.17,0,0.0,Bootstrapped,0.0,49981,58.36,20149836.37,398795,50.53,0,10.49,7.68,0.18,0.65,0.65,2
FT142,EasyBank,7,2021,3,2021-06-24,Senegal,Crypto Exchange,2.7,0,0,0,259067.05,-56.59,77128.37,29.77,0,0.0,Bootstrapped,0.0,54800,73.63,22092698.0,147083,150.21,0,5.65,9.09,0.18,0.65,0.65,3
FT142,EasyBank,8,2021,4,2021-09-22,Senegal,Crypto Exchange,2.95,0,0,0,544150.8,-49.09,94432.7,17.35,0,0.0,Bootstrapped,0.0,64274,103.64,25912214.81,442903,58.51,0,4.4,8.22,0.18,0.65,0.65,0
FT142,EasyBank,9,2021,1,2021-12-21,Senegal,Crypto Exchange,3.2,0,0,0,576693.7,-41.45,152605.69,26.46,0,0.0,Bootstrapped,0.0,73923,134.21,29802051.73,596834,49.93,0,10.89,10.24,0.18,0.65,0.65,1
FT142,EasyBank,10,2022,2,2022-03-21,Senegal,Crypto Exchange,3.45,0,0,0,402211.22,-46.36,78561.58,19.53,0,0.0,Bootstrapped,0.0,67717,114.55,27300260.91,456317,59.83,0,3.5,10.98,0.18,0.65,0.65,2
FT142,EasyBank,11,2022,3,2022-06-19,Senegal,Crypto Exchange,3.7,0,0,0,390159.61,-42.99,123718.81,31.71,0,0.0,Bootstrapped,0.0,71979,128.05,29018297.69,301874,96.13,0,6.31,10.86,0.18,0.65,0.65,3
FT142,EasyBank,12,2022,4,2022-09-17,Senegal,Crypto Exchange,3.95,0,0,0,1014237.79,-31.81,339543.61,33.48,0,0.0,Bootstrapped,0.0,86086,172.75,34705458.04,553655,62.68,0,10.77,5.89,0.18,0.65,0.65,0
FT142,EasyBank,13,2022,1,2022-12-16,Senegal,Crypto Exchange,4.2,0,0,0,1139978.94,-19.98,179205.63,15.72,0,0.0,Bootstrapped,0.0,101018,220.06,40725599.45,450247,90.45,0,8.37,9.16,0.18,0.65,0.65,1
FT142,EasyBank,14,2023,2,2023-03-16,Senegal,Crypto Exchange,4.45,0,0,0,637856.25,-24.18,165361.41,25.92,0,0.0,Bootstrapped,0.0,95716,203.26,38588059.88,375112,102.87,0,4.33,5.78,0.18,0.65,0.65,2
FT142,EasyBank,15,2023,3,2023-06-14,Senegal,Crypto Exchange,4.7,0,0,0,489204.73,-21.54,136009.98,27.8,0,0.0,Bootstrapped,0.0,99058,213.85,39935213.48,598449,66.73,0,6.48,11.94,0.18,0.65,0.65,3
FT142,EasyBank,16,2023,4,2023-09-12,Senegal,Crypto Exchange,4.95,0,0,0,1359945.46,-4.21,612770.23,45.06,0,0.0,Bootstrapped,0.0,120935,283.16,48754707.86,412940,118.07,0,13.6,8.73,0.18,0.65,0.65,0
FT143,EasyBank,1,2020,1,2020-01-01,Uganda,Crypto Exchange,11.5,0,0,0,58291.17,0.0,19709.99,33.81,0,0.0,Bootstrapped,0.0,4738,8.75,2066729.74,26561,77.81,0,11.39,13.06,0.2,0.6,0.55,1
FT143,EasyBank,2,2020,2,2020-03-31,Uganda,Crypto Exchange,11.75,0,0,0,31355.41,-71.71,9052.12,28.87,0,0.0,Bootstrapped,0.0,4929,13.13,2149968.49,38421,55.96,0,5.97,11.27,0.2,0.6,0.55,2
FT143,EasyBank,3,2020,3,2020-06-29,Uganda,Crypto Exchange,12.0,0,0,0,45369.23,-67.8,14218.04,31.34,0,0.0,Bootstrapped,0.0,5611,28.78,2447515.09,37972,64.46,0,8.85,9.66,0.2,0.6,0.55,3
FT143,EasyBank,4,2020,4,2020-09-27,Uganda,Crypto Exchange,12.25,0,0,0,57423.84,-61.03,11597.3,20.2,0,0.0,Bootstrapped,0.0,6790,55.84,2961742.24,19813,149.48,0,5.63,9.6,0.2,0.6,0.55,0
FT143,EasyBank,5,2020,1,2020-12-26,Uganda,Crypto Exchange,12.5,0,0,0,64248.2,-58.04,18794.22,29.25,0,0.0,Bootstrapped,0.0,7312,67.82,3189402.65,49700,64.17,0,9.01,7.44,0.2,0.6,0.55,1
FT143,EasyBank,6,2021,2,2021-03-26,Uganda,Crypto Exchange,12.75,0,0,0,75739.67,-50.32,19594.41,25.87,0,0.0,Bootstrapped,0.0,8657,98.69,3775905.0,20797,181.56,0,10.74,9.55,0.2,0.6,0.55,2
FT143,EasyBank,7,2021,3,2021-06-24,Uganda,Crypto Exchange,13.0,0,0,0,79891.09,-52.1,21728.11,27.2,0,0.0,Bootstrapped,0.0,8347,91.58,3640638.03,34025,107.0,0,5.3,8.49,0.2,0.6,0.55,3
FT143,EasyBank,8,2021,4,2021-09-22,Uganda,Crypto Exchange,13.25,0,0,0,107059.27,-37.48,31827.17,29.73,0,0.0,Bootstrapped,0.0,10896,150.08,4752423.26,40629,116.97,0,11.32,10.06,0.2,0.6,0.55,0
FT143,EasyBank,9,2021,1,2021-12-21,Uganda,Crypto Exchange,13.5,0,0,0,125080.66,-24.37,42701.02,34.14,0,0.0,Bootstrapped,0.0,13180,202.51,5748497.45,78312,73.41,0,8.14,12.56,0.2,0.6,0.55,1
FT143,EasyBank,10,2022,2,2022-03-21,Uganda,Crypto Exchange,13.75,0,0,0,140883.82,-36.66,37690.78,26.75,0,0.0,Bootstrapped,0.0,11039,153.37,4814683.59,85213,56.5,0,15.25,5.99,0.2,0.6,0.55,2
FT143,EasyBank,11,2022,3,2022-06-19,Uganda,Crypto Exchange,14.0,0,0,0,57342.31,-31.4,15571.87,27.16,0,0.0,Bootstrapped,0.0,11955,174.39,5214388.79,41551,125.49,0,2.76,7.89,0.2,0.6,0.55,3
FT143,EasyBank,12,2022,4,2022-09-17,Uganda,Crypto Exchange,14.25,0,0,0,129788.46,-33.0,35656.01,27.47,0,0.0,Bootstrapped,0.0,11676,167.99,5092538.89,35823,142.16,0,11.04,12.47,0.2,0.6,0.55,0
FT143,EasyBank,13,2022,1,2022-12-16,Uganda,Crypto Exchange,14.5,0,0,0,113428.94,2.42,25459.99,22.45,0,0.0,Bootstrapped,0.0,17849,309.67,7784833.74,148214,52.52,0,3.53,7.7,0.2,0.6,0.55,1
FT143,EasyBank,14,2023,2,2023-03-16,Uganda,Crypto Exchange,14.75,0,0,0,123983.14,7.33,45897.51,37.02,0,0.0,Bootstrapped,0.0,18705,329.31,8158077.48,108453,75.22,0,4.96,8.41,0.2,0.6,0.55,2
FT143,EasyBank,15,2023,3,2023-06-14,Uganda,Crypto Exchange,15.0,0,0,0,187065.63,-4.08,69623.42,37.22,0,0.0,Bootstrapped,0.0,16716,283.66,7290709.53,90995,80.12,0,14.63,10.04,0.2,0.6,0.55,3
FT143,EasyBank,16,2023,4,2023-09-12,Uganda,Crypto Exchange,15.25,0,0,0,254263.51,12.35,121159.77,47.65,0,0.0,Bootstrapped,0.0,19579,349.37,8539370.43,138626,61.6,0,11.48,6.63,0.2,0.6,0.55,0
FT144,WalletTech,1,2020,1,2020-01-01,Ethiopia,Remittance,2.8,0,0,0,132806.71,0.0,16352.25,12.31,0,0.0,Bootstrapped,0.0,93982,7.15,5678019.16,784576,7.24,0,1.04,8.16,0.5,0.55,0.5,1
FT144,WalletTech,2,2020,2,2020-03-31,Ethiopia,Remittance,3.05,0,0,0,140558.37,-72.57,67698.34,48.16,0,0.0,Bootstrapped,0.0,96248,9.73,5814957.15,321228,18.1,0,1.67,13.71,0.5,0.55,0.5,2
FT144,WalletTech,3,2020,3,2020-06-29,Ethiopia,Remittance,3.3,0,0,0,81005.09,-68.44,12148.06,15.0,0,0.0,Bootstrapped,0.0,110724,26.23,6689486.97,518362,12.91,0,0.65,11.62,0.5,0.55,0.5,3
FT144,WalletTech,4,2020,4,2020-09-27,Ethiopia,Remittance,3.55,0,0,0,186390.95,-67.85,53413.75,28.66,0,0.0,Bootstrapped,0.0,112784,28.58,6813984.36,324685,20.99,0,1.81,8.15,0.5,0.55,0.5,0
FT144,WalletTech,5,2020,1,2020-12-26,Ethiopia,Remittance,3.8,0,0,0,136643.26,-62.8,35689.47,26.12,0,0.0,Bootstrapped,0.0,130524,48.81,7885758.38,1004872,7.85,0,1.55,8.71,0.5,0.55,0.5,1
FT144,WalletTech,6,2021,2,2021-03-26,Ethiopia,Remittance,4.05,0,0,0,164243.63,-65.47,33870.97,20.62,0,0.0,Bootstrapped,0.0,121166,38.14,7320382.67,869250,8.42,0,0.99,6.71,0.5,0.55,0.5,2
FT144,WalletTech,7,2021,3,2021-06-24,Ethiopia,Remittance,4.3,0,0,0,137388.99,-60.83,24834.74,18.08,0,0.0,Bootstrapped,0.0,137430,56.68,8302999.09,795091,10.44,0,0.51,7.28,0.5,0.55,0.5,3
FT144,WalletTech,8,2021,4,2021-09-22,Ethiopia,Remittance,4.55,0,0,0,259722.51,-54.16,99712.44,38.39,0,0.0,Bootstrapped,0.0,160819,83.35,9716059.11,1168163,8.32,0,2.32,15.05,0.5,0.55,0.5,0
FT144,WalletTech,9,2021,1,2021-12-21,Ethiopia,Remittance,4.8,0,0,0,144860.99,-53.42,37809.52,26.1,0,0.0,Bootstrapped,0.0,163442,86.34,9874482.11,926705,10.66,0,0.78,15.58,0.5,0.55,0.5,1
FT144,WalletTech,10,2022,2,2022-03-21,Ethiopia,Remittance,5.05,0,0,0,224414.36,-43.69,81427.58,36.28,0,0.0,Bootstrapped,0.0,197551,125.22,11935248.93,790185,15.1,0,1.22,11.86,0.5,0.55,0.5,2
FT144,WalletTech,11,2022,3,2022-06-19,Ethiopia,Remittance,5.3,0,0,0,314597.68,-48.01,146101.46,46.44,0,0.0,Bootstrapped,0.0,182419,107.97,11021018.19,842813,13.08,0,1.47,11.35,0.5,0.55,0.5,3
FT144,WalletTech,12,2022,4,2022-09-17,Ethiopia,Remittance,5.55,0,0,0,238850.53,-37.73,51776.94,21.68,0,0.0,Bootstrapped,0.0,218488,149.09,13200168.61,867064,15.22,0,1.41,9.11,0.5,0.55,0.5,0
FT144,WalletTech,13,2022,1,2022-12-16,Ethiopia,Remittance,5.8,0,0,0,150158.59,-32.83,40990.3,27.3,0,0.0,Bootstrapped,0.0,235679,168.69,14238773.87,1830168,7.78,0,0.46,8.46,0.5,0.55,0.5,1
FT144,WalletTech,14,2023,2,2023-03-16,Ethiopia,Remittance,6.05,0,0,0,373353.97,-36.81,136151.63,36.47,0,0.0,Bootstrapped,0.0,221693,152.75,13393792.37,1590804,8.42,0,2.14,15.46,0.5,0.55,0.5,2
FT144,WalletTech,15,2023,3,2023-06-14,Ethiopia,Remittance,6.3,0,0,0,211616.2,-23.99,52985.03,25.04,0,0.0,Bootstrapped,0.0,266697,204.06,16112774.58,949478,16.97,0,0.46,15.81,0.5,0.55,0.5,3
FT144,WalletTech,16,2023,4,2023-09-12,Ethiopia,Remittance,6.55,0,0,0,411524.35,-15.95,152287.87,37.01,0,0.0,Bootstrapped,0.0,294908,236.22,17817133.45,1108785,16.07,0,1.21,8.42,0.5,0.55,0.5,0
FT145,Quick,1,2020,1,2020-01-01,South Africa,Insurance Tech,3.6,0,0,0,1180721.23,0.0,504668.32,42.74,0,0.0,Seed,0.0,95870,6.85,40738908.14,387408,105.16,0,14.77,6.6,0.8,0.9,0.75,1
FT145,Quick,2,2020,2,2020-03-31,South Africa,Insurance Tech,3.85,0,0,0,934345.39,-72.35,302167.53,32.34,0,0.0,Seed,0.0,99217,10.59,42161230.76,784749,53.73,0,7.01,8.25,0.8,0.9,0.75,2
FT145,Quick,3,2020,3,2020-06-29,South Africa,Insurance Tech,4.1,0,0,0,1039881.18,-69.26,339076.38,32.61,0,0.0,Seed,0.0,110324,22.96,46880935.23,553381,84.72,0,8.09,13.66,0.8,0.9,0.75,3
FT145,Quick,4,2020,4,2020-09-27,South Africa,Insurance Tech,4.35,0,0,0,1323807.69,-65.5,507046.22,38.3,0,0.0,Seed,0.0,123806,37.99,52609777.29,506706,103.83,0,15.84,8.21,0.8,0.9,0.75,0
FT145,Quick,5,2020,1,2020-12-26,South Africa,Insurance Tech,4.6,0,0,0,1326819.37,-59.29,531292.65,40.04,0,0.0,Seed,0.0,146101,62.84,62083752.08,1163556,53.36,0,9.36,8.22,0.8,0.9,0.75,1
FT145,Quick,6,2021,2,2021-03-26,South Africa,Insurance Tech,4.85,0,0,0,1017280.12,-56.72,196991.54,19.36,0,0.0,Seed,0.0,155311,73.11,65997394.73,636975,103.61,0,6.29,13.93,0.8,0.9,0.75,2
FT145,Quick,7,2021,3,2021-06-24,South Africa,Insurance Tech,5.1,0,0,0,894324.42,-63.52,212238.01,23.73,0,0.0,Seed,0.0,130902,45.9,55624968.71,930771,59.76,0,8.61,15.08,0.8,0.9,0.75,3
FT145,Quick,8,2021,4,2021-09-22,South Africa,Insurance Tech,5.35,0,0,0,767804.87,-49.91,309175.38,40.27,0,0.0,Seed,0.0,179780,100.38,76395186.36,911623,83.8,0,5.51,9.86,0.8,0.9,0.75,0
FT145,Quick,9,2021,1,2021-12-21,South Africa,Insurance Tech,5.6,0,0,0,3070867.76,-25.77,841401.36,27.4,0,0.0,Seed,0.0,266411,196.94,113207849.1,1608898,70.36,0,9.23,8.35,0.8,0.9,0.75,1
FT145,Quick,10,2022,2,2022-03-21,South Africa,Insurance Tech,5.85,0,0,0,1732029.51,-49.42,467251.23,26.98,0,0.0,Seed,0.0,181526,102.33,77137255.66,756387,101.98,0,13.55,5.74,0.8,0.9,0.75,2
FT145,Quick,11,2022,3,2022-06-19,South Africa,Insurance Tech,6.1,0,0,0,1907239.28,-33.2,749770.96,39.31,0,0.0,Seed,0.0,239721,167.19,101866431.22,478888,212.71,0,8.94,12.99,0.8,0.9,0.75,3
FT145,Quick,12,2022,4,2022-09-17,South Africa,Insurance Tech,6.35,0,0,0,3221857.29,-26.87,882105.28,27.38,0,0.0,Seed,0.0,262461,192.53,111529439.01,1074679,103.78,0,17.42,11.3,0.8,0.9,0.75,0
FT145,Quick,13,2022,1,2022-12-16,South Africa,Insurance Tech,6.6,0,0,0,3208750.46,-14.02,892567.43,27.82,0,0.0,Seed,0.0,308572,243.93,131123619.34,1134425,115.59,0,7.37,13.59,0.8,0.9,0.75,1
FT145,Quick,14,2023,2,2023-03-16,South Africa,Insurance Tech,6.85,0,0,0,4553434.24,7.32,1614245.7,35.45,0,0.0,Seed,0.0,385146,329.28,163662710.98,2961378,55.27,0,12.95,11.0,0.8,0.9,0.75,2
FT145,Quick,15,2023,3,2023-06-14,South Africa,Insurance Tech,7.1,0,0,0,1511594.79,-8.56,732568.03,48.46,0,0.0,Seed,0.0,328146,265.75,139441230.95,1503128,92.77,0,4.18,10.17,0.8,0.9,0.75,3
FT145,Quick,16,2023,4,2023-09-12,South Africa,Insurance Tech,7.35,0,0,0,4041644.43,19.46,1288447.13,31.88,0,0.0,Seed,0.0,428722,377.85,182179755.6,3032059,60.08,0,6.28,5.81,0.8,0.9,0.75,0
FT146,ZapAfrica,1,2020,1,2020-01-01,Uganda,Insurance Tech,2.0,0,0,0,48664.36,0.0,22012.5,45.23,0,0.0,Bootstrapped,0.0,12129,30.69,2067905.23,44120,46.87,0,5.7,15.4,0.2,0.6,0.55,1
FT146,ZapAfrica,2,2020,2,2020-03-31,Uganda,Insurance Tech,2.25,0,0,0,37675.13,-74.13,9035.72,23.98,0,0.0,Bootstrapped,0.0,9604,3.48,1637367.01,75031,21.82,0,2.54,11.82,0.2,0.6,0.55,2
FT146,ZapAfrica,3,2020,3,2020-06-29,Uganda,Insurance Tech,2.5,0,0,0,20461.56,-74.28,8499.99,41.54,0,0.0,Bootstrapped,0.0,9549,2.89,1628078.19,44187,36.85,0,1.33,8.59,0.2,0.6,0.55,3
FT146,ZapAfrica,4,2020,4,2020-09-27,Uganda,Insurance Tech,2.75,0,0,0,34121.23,-72.57,13512.91,39.6,0,0.0,Bootstrapped,0.0,10183,9.72,1736078.13,74822,23.2,0,2.35,6.25,0.2,0.6,0.55,0
FT146,ZapAfrica,5,2020,1,2020-12-26,Uganda,Insurance Tech,3.0,0,0,0,65726.45,-53.07,25705.91,39.11,0,0.0,Bootstrapped,0.0,17423,87.73,2970431.18,105712,28.1,0,2.22,15.38,0.2,0.6,0.55,1
FT146,ZapAfrica,6,2021,2,2021-03-26,Uganda,Insurance Tech,3.25,0,0,0,67219.4,-60.28,24779.1,36.86,0,0.0,Bootstrapped,0.0,14743,58.85,2513537.28,72272,34.78,0,5.86,8.26,0.2,0.6,0.55,2
FT146,ZapAfrica,7,2021,3,2021-06-24,Uganda,Insurance Tech,3.5,0,0,0,74837.05,-59.53,30978.99,41.4,0,0.0,Bootstrapped,0.0,15024,61.88,2561357.92,85678,29.9,0,3.93,10.56,0.2,0.6,0.55,3
FT146,ZapAfrica,8,2021,4,2021-09-22,Uganda,Insurance Tech,3.75,0,0,0,31989.49,-55.23,10157.93,31.75,0,0.0,Bootstrapped,0.0,16619,79.07,2833372.45,81945,34.58,0,2.21,7.76,0.2,0.6,0.55,0
FT146,ZapAfrica,9,2021,1,2021-12-21,Uganda,Insurance Tech,4.0,0,0,0,78491.04,-46.41,13397.82,17.07,0,0.0,Bootstrapped,0.0,19892,114.33,3391381.83,67256,50.42,0,3.59,9.2,0.2,0.6,0.55,1
FT146,ZapAfrica,10,2022,2,2022-03-21,Uganda,Insurance Tech,4.25,0,0,0,97040.82,-47.81,33246.64,34.26,0,0.0,Bootstrapped,0.0,19374,108.75,3302950.72,144654,22.83,0,3.17,14.33,0.2,0.6,0.55,2
FT146,ZapAfrica,11,2022,3,2022-06-19,Uganda,Insurance Tech,4.5,0,0,0,101975.55,-45.77,21766.59,21.34,0,0.0,Bootstrapped,0.0,20133,116.93,3432336.05,142442,24.1,0,5.48,10.42,0.2,0.6,0.55,3
FT146,ZapAfrica,12,2022,4,2022-09-17,Uganda,Insurance Tech,4.75,0,0,0,79176.08,-32.28,27952.27,35.3,0,0.0,Bootstrapped,0.0,25140,170.88,4285920.78,81345,52.69,0,1.63,14.15,0.2,0.6,0.55,0
FT146,ZapAfrica,13,2022,1,2022-12-16,Uganda,Insurance Tech,5.0,0,0,0,49712.36,-24.85,11271.5,22.67,0,0.0,Bootstrapped,0.0,27897,200.58,4756056.76,239001,19.9,0,0.95,15.93,0.2,0.6,0.55,1
FT146,ZapAfrica,14,2023,2,2023-03-16,Uganda,Insurance Tech,5.25,0,0,0,107318.33,-20.12,42348.87,39.46,0,0.0,Bootstrapped,0.0,29654,219.52,5055553.93,222722,22.7,0,3.29,14.41,0.2,0.6,0.55,2
FT146,ZapAfrica,15,2023,3,2023-06-14,Uganda,Insurance Tech,5.5,0,0,0,71619.99,-10.61,33156.68,46.3,0,0.0,Bootstrapped,0.0,33186,257.57,5657613.43,77907,72.62,0,2.79,12.57,0.2,0.6,0.55,3
FT146,ZapAfrica,16,2023,4,2023-09-12,Uganda,Insurance Tech,5.75,0,0,0,126082.0,-15.63,45349.19,35.97,0,0.0,Bootstrapped,0.0,31320,237.47,5339634.48,170685,31.28,0,4.88,7.49,0.2,0.6,0.55,0
FT147,PayDigital,1,2020,1,2020-01-01,Rwanda,Insurance Tech,2.9,0,0,0,17043.52,0.0,4377.36,25.68,0,0.0,Seed,0.0,2282,21.95,726622.51,16812,43.22,0,5.41,9.02,0.15,0.75,0.7,1
FT147,PayDigital,2,2020,2,2020-03-31,Rwanda,Insurance Tech,3.15,0,0,0,14353.95,-68.36,3645.12,25.39,0,0.0,Seed,0.0,2368,26.55,753746.9,7914,95.24,0,8.25,10.96,0.15,0.75,0.7,2
FT147,PayDigital,3,2020,3,2020-06-29,Rwanda,Insurance Tech,3.4,0,0,0,18412.3,-67.29,8232.96,44.71,0,0.0,Seed,0.0,2447,30.77,779153.6,10886,71.57,0,7.49,15.82,0.15,0.75,0.7,3
FT147,PayDigital,4,2020,4,2020-09-27,Rwanda,Insurance Tech,3.65,0,0,0,23235.14,-63.91,5671.11,24.41,0,0.0,Seed,0.0,2701,44.34,859798.32,21132,40.69,0,7.68,12.97,0.15,0.75,0.7,0
FT147,PayDigital,5,2020,1,2020-12-26,Rwanda,Insurance Tech,3.9,0,0,0,21409.69,-55.1,4124.7,19.27,0,0.0,Seed,0.0,3361,79.62,1069771.31,15472,69.14,0,3.95,8.57,0.15,0.75,0.7,1
FT147,PayDigital,6,2021,2,2021-03-26,Rwanda,Insurance Tech,4.15,0,0,0,21043.4,-52.88,6437.44,30.59,0,0.0,Seed,0.0,3526,88.43,1122478.75,27749,40.45,0,6.59,12.88,0.15,0.75,0.7,2
FT147,PayDigital,7,2021,3,2021-06-24,Rwanda,Insurance Tech,4.4,0,0,0,27946.08,-59.53,3393.55,12.14,0,0.0,Seed,0.0,3029,61.87,964238.15,20679,46.63,0,10.93,14.51,0.15,0.75,0.7,3
FT147,PayDigital,8,2021,4,2021-09-22,Rwanda,Insurance Tech,4.65,0,0,0,15276.16,-49.46,3475.29,22.75,0,0.0,Seed,0.0,3782,102.11,1204042.59,21191,56.82,0,5.52,6.4,0.15,0.75,0.7,0
FT147,PayDigital,9,2021,1,2021-12-21,Rwanda,Insurance Tech,4.9,0,0,0,15904.55,-46.08,4672.82,29.38,0,0.0,Seed,0.0,4035,115.63,1284501.11,10251,125.3,0,3.15,5.51,0.15,0.75,0.7,1
FT147,PayDigital,10,2022,2,2022-03-21,Rwanda,Insurance Tech,5.15,0,0,0,28161.0,-47.24,8339.23,29.61,0,0.0,Seed,0.0,3948,110.99,1256847.58,24374,51.57,0,8.7,14.15,0.15,0.75,0.7,2
FT147,PayDigital,11,2022,3,2022-06-19,Rwanda,Insurance Tech,5.4,0,0,0,18992.41,-40.34,4662.93,24.55,0,0.0,Seed,0.0,4465,138.61,1421360.02,14033,101.29,0,3.45,15.83,0.15,0.75,0.7,3
FT147,PayDigital,12,2022,4,2022-09-17,Rwanda,Insurance Tech,5.65,0,0,0,42400.89,-35.51,12009.46,28.32,0,0.0,Seed,0.0,4826,157.91,1536323.32,34226,44.89,0,5.08,9.72,0.15,0.75,0.7,0
FT147,PayDigital,13,2022,1,2022-12-16,Rwanda,Insurance Tech,5.9,0,0,0,22800.1,-26.51,9156.37,40.16,0,0.0,Seed,0.0,5500,193.93,1750890.26,42880,40.83,0,2.24,8.34,0.15,0.75,0.7,1
FT147,PayDigital,14,2023,2,2023-03-16,Rwanda,Insurance Tech,6.15,0,0,0,43386.32,-6.91,14589.19,33.63,0,0.0,Seed,0.0,6967,272.32,2217739.67,30685,72.27,0,6.28,8.81,0.15,0.75,0.7,2
FT147,PayDigital,15,2023,3,2023-06-14,Rwanda,Insurance Tech,6.4,0,0,0,60017.47,-12.97,8069.95,13.45,0,0.0,Seed,0.0,6514,248.12,2073373.74,23412,88.56,0,8.09,8.43,0.15,0.75,0.7,3
FT147,PayDigital,16,2023,4,2023-09-12,Rwanda,Insurance Tech,6.65,0,0,0,82550.67,17.0,16372.6,19.83,0,0.0,Seed,0.0,8757,367.98,2787335.99,52366,53.23,0,8.55,15.18,0.15,0.75,0.7,0
FT148,LinkAfrica,1,2020,1,2020-01-01,Ethiopia,Mobile Money,12.0,0,0,0,1217358.79,0.0,412186.95,33.86,0,0.0,Series B,0.0,88401,14.95,43461096.87,504332,86.18,1126,8.22,14.91,0.5,0.55,0.5,1
FT148,LinkAfrica,2,2020,2,2020-03-31,Ethiopia,Mobile Money,12.25,0,0,0,909655.02,-66.77,223376.2,24.56,0,0.0,Series B,0.0,102233,32.94,50261753.51,271543,185.1,1035,12.97,8.5,0.5,0.55,0.5,2
FT148,LinkAfrica,3,2020,3,2020-06-29,Ethiopia,Mobile Money,12.5,0,0,0,779521.62,-74.29,162749.43,20.88,0,0.0,Series B,0.0,79098,2.86,38887412.92,562988,69.07,928,8.23,12.39,0.5,0.55,0.5,3
FT148,LinkAfrica,4,2020,4,2020-09-27,Ethiopia,Mobile Money,12.75,0,0,0,583630.3,-64.05,236538.59,40.53,0,0.0,Series B,0.0,110584,43.8,54367368.49,521439,104.26,1546,6.67,17.46,0.5,0.55,0.5,0
FT148,LinkAfrica,5,2020,1,2020-12-26,Ethiopia,Mobile Money,13.0,0,0,0,1049228.09,-64.27,219225.3,20.89,0,0.0,Series B,0.0,109917,42.93,54039386.24,534399,101.12,1774,9.6,7.94,0.5,0.55,0.5,1
FT148,LinkAfrica,6,2021,2,2021-03-26,Ethiopia,Mobile Money,13.25,0,0,0,1554284.33,-63.59,332793.23,21.41,0,0.0,Series B,0.0,111997,45.64,55062007.31,611606,90.03,706,13.46,15.01,0.5,0.55,0.5,2
FT148,LinkAfrica,7,2021,3,2021-06-24,Ethiopia,Mobile Money,13.5,0,0,0,1304898.1,-67.35,450174.46,34.5,0,0.0,Series B,0.0,100419,30.58,49369773.22,685806,71.99,657,14.51,7.38,0.5,0.55,0.5,3
FT148,LinkAfrica,8,2021,4,2021-09-22,Ethiopia,Mobile Money,13.75,0,0,0,1881749.1,-58.33,632260.91,33.6,0,0.0,Series B,0.0,128185,66.69,63020536.15,904443,69.68,2442,20.47,6.68,0.5,0.55,0.5,0
FT148,LinkAfrica,9,2021,1,2021-12-21,Ethiopia,Mobile Money,14.0,0,0,0,1064065.94,-44.44,259019.36,24.34,0,0.0,Series B,0.0,170900,122.23,84020427.69,1153010,72.87,3088,3.44,15.37,0.5,0.55,0.5,1
FT148,LinkAfrica,10,2022,2,2022-03-21,Ethiopia,Mobile Money,14.25,0,0,0,1187418.98,-51.84,236700.49,19.93,0,0.0,Series B,0.0,148138,92.63,72829975.88,843633,86.33,1557,9.51,13.22,0.5,0.55,0.5,2
FT148,LinkAfrica,11,2022,3,2022-06-19,Ethiopia,Mobile Money,14.5,0,0,0,1298813.61,-45.1,463268.5,35.67,0,0.0,Series B,0.0,168890,119.62,83032498.41,306890,270.56,2485,7.52,15.76,0.5,0.55,0.5,3
FT148,LinkAfrica,12,2022,4,2022-09-17,Ethiopia,Mobile Money,14.75,0,0,0,1923584.45,-39.93,820042.7,42.63,0,0.0,Series B,0.0,184792,140.29,90850563.1,869504,104.49,2835,10.19,9.61,0.5,0.55,0.5,0
FT148,LinkAfrica,13,2022,1,2022-12-16,Ethiopia,Mobile Money,15.0,0,0,0,1010592.07,-39.69,227024.29,22.46,0,0.0,Series B,0.0,185530,141.25,91213176.47,1540932,59.19,1769,7.99,9.37,0.5,0.55,0.5,1
FT148,LinkAfrica,14,2023,2,2023-03-16,Ethiopia,Mobile Money,15.25,0,0,0,3066937.31,-32.1,664038.41,21.65,0,0.0,Series B,0.0,208858,171.59,102681900.6,1155667,88.85,3241,10.41,10.85,0.5,0.55,0.5,2
FT148,LinkAfrica,15,2023,3,2023-06-14,Ethiopia,Mobile Money,15.5,0,0,0,1923471.21,-41.35,609532.18,31.69,0,0.0,Series B,0.0,180417,134.61,88699482.32,1065626,83.24,3600,15.5,17.26,0.5,0.55,0.5,3
FT148,LinkAfrica,16,2023,4,2023-09-12,Ethiopia,Mobile Money,15.75,0,0,0,1514325.56,-30.52,527913.46,34.86,0,0.0,Series B,0.0,213719,177.91,105071991.78,1467558,71.6,3027,3.83,17.61,0.5,0.55,0.5,0
FT149,SwiftPro,1,2020,1,2020-01-01,Uganda,Mobile Money,4.6,0,0,0,160666.13,0.0,57038.0,35.5,0,0.0,Bootstrapped,0.0,30534,-17.27,6758618.6,244959,27.59,592,3.55,7.5,0.2,0.6,0.55,1
FT149,SwiftPro,2,2020,2,2020-03-31,Uganda,Mobile Money,4.85,0,0,0,293030.67,-67.9,65479.7,22.35,0,0.0,Bootstrapped,0.0,47392,28.4,10490212.99,345189,30.39,637,3.52,13.93,0.2,0.6,0.55,2
FT149,SwiftPro,3,2020,3,2020-06-29,Uganda,Mobile Money,5.1,0,0,0,130485.95,-73.39,40634.11,31.14,0,0.0,Bootstrapped,0.0,39293,6.46,8697509.67,270141,32.2,491,4.59,6.87,0.2,0.6,0.55,3
FT149,SwiftPro,4,2020,4,2020-09-27,Uganda,Mobile Money,5.35,0,0,0,152054.55,-66.59,36946.16,24.3,0,0.0,Bootstrapped,0.0,49328,33.65,10918630.17,371596,29.38,743,2.08,18.03,0.2,0.6,0.55,0
FT149,SwiftPro,5,2020,1,2020-12-26,Uganda,Mobile Money,5.6,0,0,0,136672.27,-65.49,48499.15,35.49,0,0.0,Bootstrapped,0.0,50956,38.06,11278948.97,385919,29.23,367,2.81,15.4,0.2,0.6,0.55,1
FT149,SwiftPro,6,2021,2,2021-03-26,Uganda,Mobile Money,5.85,0,0,0,313474.92,-66.59,66615.41,21.25,0,0.0,Bootstrapped,0.0,49326,33.64,10918168.18,353350,30.9,329,7.69,18.98,0.2,0.6,0.55,2
FT149,SwiftPro,7,2021,3,2021-06-24,Uganda,Mobile Money,6.1,0,0,0,344770.79,-56.75,118499.87,34.37,0,0.0,Bootstrapped,0.0,63851,72.99,14133126.46,352728,40.07,986,3.98,10.45,0.2,0.6,0.55,3
FT149,SwiftPro,8,2021,4,2021-09-22,Uganda,Mobile Money,6.35,0,0,0,370306.44,-59.16,152310.47,41.13,0,3197223.76,Series B,3197223.76,60288,63.34,13344518.71,454063,29.39,870,6.66,14.41,0.2,0.6,0.55,0
FT149,SwiftPro,9,2021,1,2021-12-21,Uganda,Mobile Money,6.6,0,0,0,176096.37,-53.17,36758.33,20.87,0,0.0,Bootstrapped,0.0,69141,87.33,15304209.89,222777,68.7,1193,2.97,15.7,0.2,0.6,0.55,1
FT149,SwiftPro,10,2022,2,2022-03-21,Uganda,Mobile Money,6.85,0,0,0,418968.58,-57.06,176162.92,42.05,0,0.0,Bootstrapped,0.0,63389,71.74,14031022.41,230144,60.97,1244,9.84,16.46,0.2,0.6,0.55,2
FT149,SwiftPro,11,2022,3,2022-06-19,Uganda,Mobile Money,7.1,0,0,0,361420.85,-53.75,89539.78,24.77,0,0.0,Bootstrapped,0.0,68283,85.0,15114334.08,480804,31.44,1216,3.44,18.38,0.2,0.6,0.55,3
FT149,SwiftPro,12,2022,4,2022-09-17,Uganda,Mobile Money,7.35,0,0,0,605121.92,-35.09,175152.33,28.94,0,0.0,Bootstrapped,0.0,95828,159.63,21211302.2,483437,43.88,1380,6.34,18.65,0.2,0.6,0.55,0
FT149,SwiftPro,13,2022,1,2022-12-16,Uganda,Mobile Money,7.6,0,0,0,286274.22,-44.84,116013.84,40.53,0,0.0,Bootstrapped,0.0,81441,120.65,18026668.63,668131,26.98,756,2.67,18.06,0.2,0.6,0.55,1
FT149,SwiftPro,14,2023,2,2023-03-16,Uganda,Mobile Money,7.85,0,0,0,271556.81,-35.19,44407.27,16.35,0,0.0,Bootstrapped,0.0,95686,159.24,21179670.52,653837,32.39,1662,2.97,14.86,0.2,0.6,0.55,2
FT149,SwiftPro,15,2023,3,2023-06-14,Uganda,Mobile Money,8.1,0,0,0,563931.42,-31.67,226853.42,40.23,0,0.0,Bootstrapped,0.0,100884,173.33,22330261.25,200166,111.56,1750,4.55,12.13,0.2,0.6,0.55,3
FT149,SwiftPro,16,2023,4,2023-09-12,Uganda,Mobile Money,8.35,0,0,0,559700.02,-32.7,137674.71,24.6,0,0.0,Bootstrapped,0.0,99356,169.19,21992108.09,454305,48.41,782,5.92,18.4,0.2,0.6,0.55,0
FT150,TechAfrica,1,2020,1,2020-01-01,Ethiopia,Mobile Money,4.5,0,0,0,27990.56,0.0,12493.04,44.63,0,0.0,Series B,0.0,15216,25.73,1055807.42,73544,14.36,219,2.18,6.55,0.5,0.55,0.5,1
FT150,TechAfrica,2,2020,2,2020-03-31,Ethiopia,Mobile Money,4.75,0,0,0,15296.95,-72.93,3862.86,25.25,0,0.0,Series B,0.0,13106,8.3,909402.24,100429,9.06,231,1.54,9.41,0.5,0.55,0.5,2
FT150,TechAfrica,3,2020,3,2020-06-29,Ethiopia,Mobile Money,5.0,0,0,0,13694.88,-74.8,3940.12,28.77,0,3050826.4,Seed,3050826.4,12197,0.79,846379.71,67390,12.56,95,1.13,7.39,0.5,0.55,0.5,3
FT150,TechAfrica,4,2020,4,2020-09-27,Ethiopia,Mobile Money,5.25,0,0,0,19074.58,-61.7,4633.45,24.29,0,0.0,Series B,0.0,18539,53.19,1286440.3,121970,10.55,370,1.41,13.23,0.5,0.55,0.5,0
FT150,TechAfrica,5,2020,1,2020-12-26,Ethiopia,Mobile Money,5.5,0,0,0,17551.32,-50.08,6122.21,34.88,0,0.0,Series B,0.0,24164,99.67,1676736.02,205733,8.15,289,0.78,11.04,0.5,0.55,0.5,1
FT150,TechAfrica,6,2021,2,2021-03-26,Ethiopia,Mobile Money,5.75,0,0,0,28942.65,-59.05,7721.6,26.68,0,0.0,Series B,0.0,19821,63.78,1375358.12,153823,8.94,238,1.14,9.24,0.5,0.55,0.5,2
FT150,TechAfrica,7,2021,3,2021-06-24,Ethiopia,Mobile Money,6.0,0,0,0,28343.61,-50.47,8914.35,31.45,0,0.0,Series B,0.0,23976,98.12,1663712.85,125556,13.25,210,0.64,6.01,0.5,0.55,0.5,3
FT150,TechAfrica,8,2021,4,2021-09-22,Ethiopia,Mobile Money,6.25,0,0,0,21700.79,-37.82,6942.57,31.99,0,0.0,Series B,0.0,30098,148.7,2088505.24,104148,20.05,347,1.02,13.56,0.5,0.55,0.5,0
FT150,TechAfrica,9,2021,1,2021-12-21,Ethiopia,Mobile Money,6.5,0,0,0,25590.38,-33.46,3254.69,12.72,0,0.0,Series B,0.0,32208,166.14,2234906.76,140931,15.86,482,0.93,7.29,0.5,0.55,0.5,1
FT150,TechAfrica,10,2022,2,2022-03-21,Ethiopia,Mobile Money,6.75,0,0,0,40390.69,-37.99,12750.8,31.57,0,0.0,Series B,0.0,30018,148.04,2082894.56,96066,21.68,175,1.32,11.95,0.5,0.55,0.5,2
FT150,TechAfrica,11,2022,3,2022-06-19,Ethiopia,Mobile Money,7.0,0,0,0,43863.0,-39.76,20166.98,45.98,0,0.0,Series B,0.0,29162,140.97,2023505.01,118411,17.09,373,1.0,10.87,0.5,0.55,0.5,3
FT150,TechAfrica,12,2022,4,2022-09-17,Ethiopia,Mobile Money,7.25,0,0,0,26866.69,-22.43,9584.51,35.67,0,1931217.64,Series C,1931217.64,37548,210.26,2605443.91,280714,9.28,425,0.93,8.21,0.5,0.55,0.5,0
FT150,TechAfrica,13,2022,1,2022-12-16,Ethiopia,Mobile Money,7.5,0,0,0,54930.66,-19.38,9558.41,17.4,0,0.0,Series B,0.0,39026,222.48,2707952.67,146214,18.52,393,1.82,7.48,0.5,0.55,0.5,1
FT150,TechAfrica,14,2023,2,2023-03-16,Ethiopia,Mobile Money,7.75,0,0,0,105340.38,8.26,43103.01,40.92,0,0.0,Series B,0.0,52407,333.04,3636478.68,337005,10.79,813,1.36,15.46,0.5,0.55,0.5,2
FT150,TechAfrica,15,2023,3,2023-06-14,Ethiopia,Mobile Money,8.0,0,0,0,69634.27,-19.23,31742.7,45.58,0,0.0,Series B,0.0,39101,223.1,2713169.61,74715,36.31,549,2.11,9.38,0.5,0.55,0.5,3
FT150,TechAfrica,16,2023,4,2023-09-12,Ethiopia,Mobile Money,8.25,0,0,0,113882.31,14.98,34754.07,30.52,0,0.0,Series B,0.0,55659,359.92,3862096.8,369764,10.44,851,2.42,7.6,0.5,0.55,0.5,0
