position_um,Ni_at_pct,Zr_at_pct,Y_at_pct,O_at_pct
0.0,35.00,15.00,7.00,43.00
25.0,32.40,18.00,7.15,42.45
50.0,29.80,21.00,7.29,41.91
100.0,24.60,27.00,7.54,40.86
150.0,19.40,33.00,7.77,39.83
200.0,14.20,39.00,7.98,38.82
250.0,9.00,45.00,8.17,37.83
300.0,5.50,50.00,8.33,36.17
350.0,3.20,54.00,8.46,34.34
400.0,2.10,57.00,8.56,32.34
450.0,1.20,59.00,8.64,31.16
500.0,0.80,60.00,8.70,30.50