0 120 128 8 1 121 129 9
1 121 129 9 2 122 130 10
2 122 130 10 3 123 131 11
3 123 131 11 4 124 132 12
4 124 132 12 5 125 133 13
5 125 133 13 6 126 134 14
6 126 134 14 7 127 135 15
8 128 136 16 9 129 137 17
9 129 137 17 10 130 138 18
10 130 138 18 11 131 139 19
11 131 139 19 12 132 140 20
12 132 140 20 13 133 141 21
13 133 141 21 14 134 142 22
14 134 142 22 15 135 143 23
16 136 144 24 17 137 145 25
17 137 145 25 18 138 146 26
18 138 146 26 19 139 147 27
19 139 147 27 20 140 148 28
20 140 148 28 21 141 149 29
21 141 149 29 22 142 150 30
22 142 150 30 23 143 151 31
24 144 152 32 25 145 153 33
25 145 153 33 26 146 154 34
26 146 154 34 27 147 155 35
27 147 155 35 28 148 156 36
28 148 156 36 29 149 157 37
29 149 157 37 30 150 158 38
30 150 158 38 31 151 159 39
32 152 160 40 33 153 161 41
33 153 161 41 34 154 162 42
34 154 162 42 35 155 163 43
35 155 163 43 36 156 164 44
36 156 164 44 37 157 165 45
37 157 165 45 38 158 166 46
38 158 166 46 39 159 167 47
40 160 168 48 41 161 169 49
41 161 169 49 42 162 170 50
42 162 170 50 43 163 171 51
43 163 171 51 44 164 172 52
44 164 172 52 45 165 173 53
45 165 173 53 46 166 174 54
46 166 174 54 47 167 175 55
48 168 176 56 49 169 177 57
49 169 177 57 50 170 178 58
50 170 178 58 51 171 179 59
51 171 179 59 52 172 180 60
52 172 180 60 53 173 181 61
53 173 181 61 54 174 182 62
54 174 182 62 55 175 183 63
56 176 184 64 57 177 185 65
57 177 185 65 58 178 186 66
58 178 186 66 59 179 187 67
59 179 187 67 60 180 188 68
60 180 188 68 61 181 189 69
61 181 189 69 62 182 190 70
62 182 190 70 63 183 191 71
64 184 192 72 65 185 193 73
65 185 193 73 66 186 194 74
66 186 194 74 67 187 195 75
67 187 195 75 68 188 196 76
68 188 196 76 69 189 197 77
69 189 197 77 70 190 198 78
70 190 198 78 71 191 199 79
72 192 200 80 73 193 201 81
73 193 201 81 74 194 202 82
74 194 202 82 75 195 203 83
75 195 203 83 76 196 204 84
76 196 204 84 77 197 205 85
77 197 205 85 78 198 206 86
78 198 206 86 79 199 207 87
80 200 208 88 81 201 209 89
81 201 209 89 82 202 210 90
82 202 210 90 83 203 211 91
83 203 211 91 84 204 212 92
84 204 212 92 85 205 213 93
85 205 213 93 86 206 214 94
86 206 214 94 87 207 215 95
88 208 216 96 89 209 217 97
89 209 217 97 90 210 218 98
90 210 218 98 91 211 219 99
91 211 219 99 92 212 220 100
92 212 220 100 93 213 221 101
93 213 221 101 94 214 222 102
94 214 222 102 95 215 223 103
96 216 224 104 97 217 225 105
97 217 225 105 98 218 226 106
98 218 226 106 99 219 227 107
99 219 227 107 100 220 228 108
100 220 228 108 101 221 229 109
101 221 229 109 102 222 230 110
102 222 230 110 103 223 231 111
104 224 232 112 105 225 233 113
105 225 233 113 106 226 234 114
106 226 234 114 107 227 235 115
107 227 235 115 108 228 236 116
108 228 236 116 109 229 237 117
109 229 237 117 110 230 238 118
110 230 238 118 111 231 239 119
120 240 248 128 121 241 249 129
121 241 249 129 122 242 250 130
122 242 250 130 123 243 251 131
123 243 251 131 124 244 252 132
124 244 252 132 125 245 253 133
125 245 253 133 126 246 254 134
126 246 254 134 127 247 255 135
128 248 256 136 129 249 257 137
129 249 257 137 130 250 258 138
130 250 258 138 131 251 259 139
131 251 259 139 132 252 260 140
132 252 260 140 133 253 261 141
133 253 261 141 134 254 262 142
134 254 262 142 135 255 263 143
136 256 264 144 137 257 265 145
137 257 265 145 138 258 266 146
138 258 266 146 139 259 267 147
139 259 267 147 140 260 268 148
140 260 268 148 141 261 269 149
141 261 269 149 142 262 270 150
142 262 270 150 143 263 271 151
144 264 272 152 145 265 273 153
145 265 273 153 146 266 274 154
146 266 274 154 147 267 275 155
147 267 275 155 148 268 276 156
148 268 276 156 149 269 277 157
149 269 277 157 150 270 278 158
150 270 278 158 151 271 279 159
152 272 280 160 153 273 281 161
153 273 281 161 154 274 282 162
154 274 282 162 155 275 283 163
155 275 283 163 156 276 284 164
156 276 284 164 157 277 285 165
157 277 285 165 158 278 286 166
158 278 286 166 159 279 287 167
160 280 288 168 161 281 289 169
161 281 289 169 162 282 290 170
162 282 290 170 163 283 291 171
163 283 291 171 164 284 292 172
164 284 292 172 165 285 293 173
165 285 293 173 166 286 294 174
166 286 294 174 167 287 295 175
168 288 296 176 169 289 297 177
169 289 297 177 170 290 298 178
170 290 298 178 171 291 299 179
171 291 299 179 172 292 300 180
172 292 300 180 173 293 301 181
173 293 301 181 174 294 302 182
174 294 302 182 175 295 303 183
176 296 304 184 177 297 305 185
177 297 305 185 178 298 306 186
178 298 306 186 179 299 307 187
179 299 307 187 180 300 308 188
180 300 308 188 181 301 309 189
181 301 309 189 182 302 310 190
182 302 310 190 183 303 311 191
184 304 312 192 185 305 313 193
185 305 313 193 186 306 314 194
186 306 314 194 187 307 315 195
187 307 315 195 188 308 316 196
188 308 316 196 189 309 317 197
189 309 317 197 190 310 318 198
190 310 318 198 191 311 319 199
192 312 320 200 193 313 321 201
193 313 321 201 194 314 322 202
194 314 322 202 195 315 323 203
195 315 323 203 196 316 324 204
196 316 324 204 197 317 325 205
197 317 325 205 198 318 326 206
198 318 326 206 199 319 327 207
200 320 328 208 201 321 329 209
201 321 329 209 202 322 330 210
202 322 330 210 203 323 331 211
203 323 331 211 204 324 332 212
204 324 332 212 205 325 333 213
205 325 333 213 206 326 334 214
206 326 334 214 207 327 335 215
208 328 336 216 209 329 337 217
209 329 337 217 210 330 338 218
210 330 338 218 211 331 339 219
211 331 339 219 212 332 340 220
212 332 340 220 213 333 341 221
213 333 341 221 214 334 342 222
214 334 342 222 215 335 343 223
216 336 344 224 217 337 345 225
217 337 345 225 218 338 346 226
218 338 346 226 219 339 347 227
219 339 347 227 220 340 348 228
220 340 348 228 221 341 349 229
221 341 349 229 222 342 350 230
222 342 350 230 223 343 351 231
224 344 352 232 225 345 353 233
225 345 353 233 226 346 354 234
226 346 354 234 227 347 355 235
227 347 355 235 228 348 356 236
228 348 356 236 229 349 357 237
229 349 357 237 230 350 358 238
230 350 358 238 231 351 359 239
240 360 368 248 241 361 369 249
241 361 369 249 242 362 370 250
242 362 370 250 243 363 371 251
243 363 371 251 244 364 372 252
244 364 372 252 245 365 373 253
245 365 373 253 246 366 374 254
246 366 374 254 247 367 375 255
248 368 376 256 249 369 377 257
249 369 377 257 250 370 378 258
250 370 378 258 251 371 379 259
251 371 379 259 252 372 380 260
252 372 380 260 253 373 381 261
253 373 381 261 254 374 382 262
254 374 382 262 255 375 383 263
256 376 384 264 257 377 385 265
257 377 385 265 258 378 386 266
258 378 386 266 259 379 387 267
259 379 387 267 260 380 388 268
260 380 388 268 261 381 389 269
261 381 389 269 262 382 390 270
262 382 390 270 263 383 391 271
264 384 392 272 265 385 393 273
265 385 393 273 266 386 394 274
266 386 394 274 267 387 395 275
267 387 395 275 268 388 396 276
268 388 396 276 269 389 397 277
269 389 397 277 270 390 398 278
270 390 398 278 271 391 399 279
272 392 400 280 273 393 401 281
273 393 401 281 274 394 402 282
274 394 402 282 275 395 403 283
275 395 403 283 276 396 404 284
276 396 404 284 277 397 405 285
277 397 405 285 278 398 406 286
278 398 406 286 279 399 407 287
280 400 408 288 281 401 409 289
281 401 409 289 282 402 410 290
282 402 410 290 283 403 411 291
283 403 411 291 284 404 412 292
284 404 412 292 285 405 413 293
285 405 413 293 286 406 414 294
286 406 414 294 287 407 415 295
288 408 416 296 289 409 417 297
289 409 417 297 290 410 418 298
290 410 418 298 291 411 419 299
291 411 419 299 292 412 420 300
292 412 420 300 293 413 421 301
293 413 421 301 294 414 422 302
294 414 422 302 295 415 423 303
296 416 424 304 297 417 425 305
297 417 425 305 298 418 426 306
298 418 426 306 299 419 427 307
299 419 427 307 300 420 428 308
300 420 428 308 301 421 429 309
301 421 429 309 302 422 430 310
302 422 430 310 303 423 431 311
304 424 432 312 305 425 433 313
305 425 433 313 306 426 434 314
306 426 434 314 307 427 435 315
307 427 435 315 308 428 436 316
308 428 436 316 309 429 437 317
309 429 437 317 310 430 438 318
310 430 438 318 311 431 439 319
312 432 440 320 313 433 441 321
313 433 441 321 314 434 442 322
314 434 442 322 315 435 443 323
315 435 443 323 316 436 444 324
316 436 444 324 317 437 445 325
317 437 445 325 318 438 446 326
318 438 446 326 319 439 447 327
320 440 448 328 321 441 449 329
321 441 449 329 322 442 450 330
322 442 450 330 323 443 451 331
323 443 451 331 324 444 452 332
324 444 452 332 325 445 453 333
325 445 453 333 326 446 454 334
326 446 454 334 327 447 455 335
328 448 456 336 329 449 457 337
329 449 457 337 330 450 458 338
330 450 458 338 331 451 459 339
331 451 459 339 332 452 460 340
332 452 460 340 333 453 461 341
333 453 461 341 334 454 462 342
334 454 462 342 335 455 463 343
336 456 464 344 337 457 465 345
337 457 465 345 338 458 466 346
338 458 466 346 339 459 467 347
339 459 467 347 340 460 468 348
340 460 468 348 341 461 469 349
341 461 469 349 342 462 470 350
342 462 470 350 343 463 471 351
344 464 472 352 345 465 473 353
345 465 473 353 346 466 474 354
346 466 474 354 347 467 475 355
347 467 475 355 348 468 476 356
348 468 476 356 349 469 477 357
349 469 477 357 350 470 478 358
350 470 478 358 351 471 479 359
360 480 488 368 361 481 489 369
361 481 489 369 362 482 490 370
362 482 490 370 363 483 491 371
363 483 491 371 364 484 492 372
364 484 492 372 365 485 493 373
365 485 493 373 366 486 494 374
366 486 494 374 367 487 495 375
368 488 496 376 369 489 497 377
369 489 497 377 370 490 498 378
370 490 498 378 371 491 499 379
371 491 499 379 372 492 500 380
372 492 500 380 373 493 501 381
373 493 501 381 374 494 502 382
374 494 502 382 375 495 503 383
376 496 504 384 377 497 505 385
377 497 505 385 378 498 506 386
378 498 506 386 379 499 507 387
379 499 507 387 380 500 508 388
380 500 508 388 381 501 509 389
381 501 509 389 382 502 510 390
382 502 510 390 383 503 511 391
384 504 512 392 385 505 513 393
385 505 513 393 386 506 514 394
386 506 514 394 387 507 515 395
387 507 515 395 388 508 516 396
388 508 516 396 389 509 517 397
389 509 517 397 390 510 518 398
390 510 518 398 391 511 519 399
392 512 520 400 393 513 521 401
393 513 521 401 394 514 522 402
394 514 522 402 395 515 523 403
395 515 523 403 396 516 524 404
396 516 524 404 397 517 525 405
397 517 525 405 398 518 526 406
398 518 526 406 399 519 527 407
400 520 528 408 401 521 529 409
401 521 529 409 402 522 530 410
402 522 530 410 403 523 531 411
403 523 531 411 404 524 532 412
404 524 532 412 405 525 533 413
405 525 533 413 406 526 534 414
406 526 534 414 407 527 535 415
408 528 536 416 409 529 537 417
409 529 537 417 410 530 538 418
410 530 538 418 411 531 539 419
411 531 539 419 412 532 540 420
412 532 540 420 413 533 541 421
413 533 541 421 414 534 542 422
414 534 542 422 415 535 543 423
416 536 544 424 417 537 545 425
417 537 545 425 418 538 546 426
418 538 546 426 419 539 547 427
419 539 547 427 420 540 548 428
420 540 548 428 421 541 549 429
421 541 549 429 422 542 550 430
422 542 550 430 423 543 551 431
424 544 552 432 425 545 553 433
425 545 553 433 426 546 554 434
426 546 554 434 427 547 555 435
427 547 555 435 428 548 556 436
428 548 556 436 429 549 557 437
429 549 557 437 430 550 558 438
430 550 558 438 431 551 559 439
432 552 560 440 433 553 561 441
433 553 561 441 434 554 562 442
434 554 562 442 435 555 563 443
435 555 563 443 436 556 564 444
436 556 564 444 437 557 565 445
437 557 565 445 438 558 566 446
438 558 566 446 439 559 567 447
440 560 568 448 441 561 569 449
441 561 569 449 442 562 570 450
442 562 570 450 443 563 571 451
443 563 571 451 444 564 572 452
444 564 572 452 445 565 573 453
445 565 573 453 446 566 574 454
446 566 574 454 447 567 575 455
448 568 576 456 449 569 577 457
449 569 577 457 450 570 578 458
450 570 578 458 451 571 579 459
451 571 579 459 452 572 580 460
452 572 580 460 453 573 581 461
453 573 581 461 454 574 582 462
454 574 582 462 455 575 583 463
456 576 584 464 457 577 585 465
457 577 585 465 458 578 586 466
458 578 586 466 459 579 587 467
459 579 587 467 460 580 588 468
460 580 588 468 461 581 589 469
461 581 589 469 462 582 590 470
462 582 590 470 463 583 591 471
464 584 592 472 465 585 593 473
465 585 593 473 466 586 594 474
466 586 594 474 467 587 595 475
467 587 595 475 468 588 596 476
468 588 596 476 469 589 597 477
469 589 597 477 470 590 598 478
470 590 598 478 471 591 599 479
480 600 608 488 481 601 609 489
481 601 609 489 482 602 610 490
482 602 610 490 483 603 611 491
483 603 611 491 484 604 612 492
484 604 612 492 485 605 613 493
485 605 613 493 486 606 614 494
486 606 614 494 487 607 615 495
488 608 616 496 489 609 617 497
489 609 617 497 490 610 618 498
490 610 618 498 491 611 619 499
491 611 619 499 492 612 620 500
492 612 620 500 493 613 621 501
493 613 621 501 494 614 622 502
494 614 622 502 495 615 623 503
496 616 624 504 497 617 625 505
497 617 625 505 498 618 626 506
498 618 626 506 499 619 627 507
499 619 627 507 500 620 628 508
500 620 628 508 501 621 629 509
501 621 629 509 502 622 630 510
502 622 630 510 503 623 631 511
504 624 632 512 505 625 633 513
505 625 633 513 506 626 634 514
506 626 634 514 507 627 635 515
507 627 635 515 508 628 636 516
508 628 636 516 509 629 637 517
509 629 637 517 510 630 638 518
510 630 638 518 511 631 639 519
512 632 640 520 513 633 641 521
513 633 641 521 514 634 642 522
514 634 642 522 515 635 643 523
515 635 643 523 516 636 644 524
516 636 644 524 517 637 645 525
517 637 645 525 518 638 646 526
518 638 646 526 519 639 647 527
520 640 648 528 521 641 649 529
521 641 649 529 522 642 650 530
522 642 650 530 523 643 651 531
523 643 651 531 524 644 652 532
524 644 652 532 525 645 653 533
525 645 653 533 526 646 654 534
526 646 654 534 527 647 655 535
528 648 656 536 529 649 657 537
529 649 657 537 530 650 658 538
530 650 658 538 531 651 659 539
531 651 659 539 532 652 660 540
532 652 660 540 533 653 661 541
533 653 661 541 534 654 662 542
534 654 662 542 535 655 663 543
536 656 664 544 537 657 665 545
537 657 665 545 538 658 666 546
538 658 666 546 539 659 667 547
539 659 667 547 540 660 668 548
540 660 668 548 541 661 669 549
541 661 669 549 542 662 670 550
542 662 670 550 543 663 671 551
544 664 672 552 545 665 673 553
545 665 673 553 546 666 674 554
546 666 674 554 547 667 675 555
547 667 675 555 548 668 676 556
548 668 676 556 549 669 677 557
549 669 677 557 550 670 678 558
550 670 678 558 551 671 679 559
552 672 680 560 553 673 681 561
553 673 681 561 554 674 682 562
554 674 682 562 555 675 683 563
555 675 683 563 556 676 684 564
556 676 684 564 557 677 685 565
557 677 685 565 558 678 686 566
558 678 686 566 559 679 687 567
560 680 688 568 561 681 689 569
561 681 689 569 562 682 690 570
562 682 690 570 563 683 691 571
563 683 691 571 564 684 692 572
564 684 692 572 565 685 693 573
565 685 693 573 566 686 694 574
566 686 694 574 567 687 695 575
568 688 696 576 569 689 697 577
569 689 697 577 570 690 698 578
570 690 698 578 571 691 699 579
571 691 699 579 572 692 700 580
572 692 700 580 573 693 701 581
573 693 701 581 574 694 702 582
574 694 702 582 575 695 703 583
576 696 704 584 577 697 705 585
577 697 705 585 578 698 706 586
578 698 706 586 579 699 707 587
579 699 707 587 580 700 708 588
580 700 708 588 581 701 709 589
581 701 709 589 582 702 710 590
582 702 710 590 583 703 711 591
584 704 712 592 585 705 713 593
585 705 713 593 586 706 714 594
586 706 714 594 587 707 715 595
587 707 715 595 588 708 716 596
588 708 716 596 589 709 717 597
589 709 717 597 590 710 718 598
590 710 718 598 591 711 719 599
600 720 728 608 601 721 729 609
601 721 729 609 602 722 730 610
602 722 730 610 603 723 731 611
603 723 731 611 604 724 732 612
604 724 732 612 605 725 733 613
605 725 733 613 606 726 734 614
606 726 734 614 607 727 735 615
608 728 736 616 609 729 737 617
609 729 737 617 610 730 738 618
610 730 738 618 611 731 739 619
611 731 739 619 612 732 740 620
612 732 740 620 613 733 741 621
613 733 741 621 614 734 742 622
614 734 742 622 615 735 743 623
616 736 744 624 617 737 745 625
617 737 745 625 618 738 746 626
618 738 746 626 619 739 747 627
619 739 747 627 620 740 748 628
620 740 748 628 621 741 749 629
621 741 749 629 622 742 750 630
622 742 750 630 623 743 751 631
624 744 752 632 625 745 753 633
625 745 753 633 626 746 754 634
626 746 754 634 627 747 755 635
627 747 755 635 628 748 756 636
628 748 756 636 629 749 757 637
629 749 757 637 630 750 758 638
630 750 758 638 631 751 759 639
632 752 760 640 633 753 761 641
633 753 761 641 634 754 762 642
634 754 762 642 635 755 763 643
635 755 763 643 636 756 764 644
636 756 764 644 637 757 765 645
637 757 765 645 638 758 766 646
638 758 766 646 639 759 767 647
640 760 768 648 641 761 769 649
641 761 769 649 642 762 770 650
642 762 770 650 643 763 771 651
643 763 771 651 644 764 772 652
644 764 772 652 645 765 773 653
645 765 773 653 646 766 774 654
646 766 774 654 647 767 775 655
648 768 776 656 649 769 777 657
649 769 777 657 650 770 778 658
650 770 778 658 651 771 779 659
651 771 779 659 652 772 780 660
652 772 780 660 653 773 781 661
653 773 781 661 654 774 782 662
654 774 782 662 655 775 783 663
656 776 784 664 657 777 785 665
657 777 785 665 658 778 786 666
658 778 786 666 659 779 787 667
659 779 787 667 660 780 788 668
660 780 788 668 661 781 789 669
661 781 789 669 662 782 790 670
662 782 790 670 663 783 791 671
664 784 792 672 665 785 793 673
665 785 793 673 666 786 794 674
666 786 794 674 667 787 795 675
667 787 795 675 668 788 796 676
668 788 796 676 669 789 797 677
669 789 797 677 670 790 798 678
670 790 798 678 671 791 799 679
672 792 800 680 673 793 801 681
673 793 801 681 674 794 802 682
674 794 802 682 675 795 803 683
675 795 803 683 676 796 804 684
676 796 804 684 677 797 805 685
677 797 805 685 678 798 806 686
678 798 806 686 679 799 807 687
680 800 808 688 681 801 809 689
681 801 809 689 682 802 810 690
682 802 810 690 683 803 811 691
683 803 811 691 684 804 812 692
684 804 812 692 685 805 813 693
685 805 813 693 686 806 814 694
686 806 814 694 687 807 815 695
688 808 816 696 689 809 817 697
689 809 817 697 690 810 818 698
690 810 818 698 691 811 819 699
691 811 819 699 692 812 820 700
692 812 820 700 693 813 821 701
693 813 821 701 694 814 822 702
694 814 822 702 695 815 823 703
696 816 824 704 697 817 825 705
697 817 825 705 698 818 826 706
698 818 826 706 699 819 827 707
699 819 827 707 700 820 828 708
700 820 828 708 701 821 829 709
701 821 829 709 702 822 830 710
702 822 830 710 703 823 831 711
704 824 832 712 705 825 833 713
705 825 833 713 706 826 834 714
706 826 834 714 707 827 835 715
707 827 835 715 708 828 836 716
708 828 836 716 709 829 837 717
709 829 837 717 710 830 838 718
710 830 838 718 711 831 839 719
720 840 848 728 721 841 849 729
721 841 849 729 722 842 850 730
722 842 850 730 723 843 851 731
723 843 851 731 724 844 852 732
724 844 852 732 725 845 853 733
725 845 853 733 726 846 854 734
726 846 854 734 727 847 855 735
728 848 856 736 729 849 857 737
729 849 857 737 730 850 858 738
730 850 858 738 731 851 859 739
731 851 859 739 732 852 860 740
732 852 860 740 733 853 861 741
733 853 861 741 734 854 862 742
734 854 862 742 735 855 863 743
736 856 864 744 737 857 865 745
737 857 865 745 738 858 866 746
738 858 866 746 739 859 867 747
739 859 867 747 740 860 868 748
740 860 868 748 741 861 869 749
741 861 869 749 742 862 870 750
742 862 870 750 743 863 871 751
744 864 872 752 745 865 873 753
745 865 873 753 746 866 874 754
746 866 874 754 747 867 875 755
747 867 875 755 748 868 876 756
748 868 876 756 749 869 877 757
749 869 877 757 750 870 878 758
750 870 878 758 751 871 879 759
752 872 880 760 753 873 881 761
753 873 881 761 754 874 882 762
754 874 882 762 755 875 883 763
755 875 883 763 756 876 884 764
756 876 884 764 757 877 885 765
757 877 885 765 758 878 886 766
758 878 886 766 759 879 887 767
760 880 888 768 761 881 889 769
761 881 889 769 762 882 890 770
762 882 890 770 763 883 891 771
763 883 891 771 764 884 892 772
764 884 892 772 765 885 893 773
765 885 893 773 766 886 894 774
766 886 894 774 767 887 895 775
768 888 896 776 769 889 897 777
769 889 897 777 770 890 898 778
770 890 898 778 771 891 899 779
771 891 899 779 772 892 900 780
772 892 900 780 773 893 901 781
773 893 901 781 774 894 902 782
774 894 902 782 775 895 903 783
776 896 904 784 777 897 905 785
777 897 905 785 778 898 906 786
778 898 906 786 779 899 907 787
779 899 907 787 780 900 908 788
780 900 908 788 781 901 909 789
781 901 909 789 782 902 910 790
782 902 910 790 783 903 911 791
784 904 912 792 785 905 913 793
785 905 913 793 786 906 914 794
786 906 914 794 787 907 915 795
787 907 915 795 788 908 916 796
788 908 916 796 789 909 917 797
789 909 917 797 790 910 918 798
790 910 918 798 791 911 919 799
792 912 920 800 793 913 921 801
793 913 921 801 794 914 922 802
794 914 922 802 795 915 923 803
795 915 923 803 796 916 924 804
796 916 924 804 797 917 925 805
797 917 925 805 798 918 926 806
798 918 926 806 799 919 927 807
800 920 928 808 801 921 929 809
801 921 929 809 802 922 930 810
802 922 930 810 803 923 931 811
803 923 931 811 804 924 932 812
804 924 932 812 805 925 933 813
805 925 933 813 806 926 934 814
806 926 934 814 807 927 935 815
808 928 936 816 809 929 937 817
809 929 937 817 810 930 938 818
810 930 938 818 811 931 939 819
811 931 939 819 812 932 940 820
812 932 940 820 813 933 941 821
813 933 941 821 814 934 942 822
814 934 942 822 815 935 943 823
816 936 944 824 817 937 945 825
817 937 945 825 818 938 946 826
818 938 946 826 819 939 947 827
819 939 947 827 820 940 948 828
820 940 948 828 821 941 949 829
821 941 949 829 822 942 950 830
822 942 950 830 823 943 951 831
824 944 952 832 825 945 953 833
825 945 953 833 826 946 954 834
826 946 954 834 827 947 955 835
827 947 955 835 828 948 956 836
828 948 956 836 829 949 957 837
829 949 957 837 830 950 958 838
830 950 958 838 831 951 959 839
840 960 968 848 841 961 969 849
841 961 969 849 842 962 970 850
842 962 970 850 843 963 971 851
843 963 971 851 844 964 972 852
844 964 972 852 845 965 973 853
845 965 973 853 846 966 974 854
846 966 974 854 847 967 975 855
848 968 976 856 849 969 977 857
849 969 977 857 850 970 978 858
850 970 978 858 851 971 979 859
851 971 979 859 852 972 980 860
852 972 980 860 853 973 981 861
853 973 981 861 854 974 982 862
854 974 982 862 855 975 983 863
856 976 984 864 857 977 985 865
857 977 985 865 858 978 986 866
858 978 986 866 859 979 987 867
859 979 987 867 860 980 988 868
860 980 988 868 861 981 989 869
861 981 989 869 862 982 990 870
862 982 990 870 863 983 991 871
864 984 992 872 865 985 993 873
865 985 993 873 866 986 994 874
866 986 994 874 867 987 995 875
867 987 995 875 868 988 996 876
868 988 996 876 869 989 997 877
869 989 997 877 870 990 998 878
870 990 998 878 871 991 999 879
872 992 1000 880 873 993 1001 881
873 993 1001 881 874 994 1002 882
874 994 1002 882 875 995 1003 883
875 995 1003 883 876 996 1004 884
876 996 1004 884 877 997 1005 885
877 997 1005 885 878 998 1006 886
878 998 1006 886 879 999 1007 887
880 1000 1008 888 881 1001 1009 889
881 1001 1009 889 882 1002 1010 890
882 1002 1010 890 883 1003 1011 891
883 1003 1011 891 884 1004 1012 892
884 1004 1012 892 885 1005 1013 893
885 1005 1013 893 886 1006 1014 894
886 1006 1014 894 887 1007 1015 895
888 1008 1016 896 889 1009 1017 897
889 1009 1017 897 890 1010 1018 898
890 1010 1018 898 891 1011 1019 899
891 1011 1019 899 892 1012 1020 900
892 1012 1020 900 893 1013 1021 901
893 1013 1021 901 894 1014 1022 902
894 1014 1022 902 895 1015 1023 903
896 1016 1024 904 897 1017 1025 905
897 1017 1025 905 898 1018 1026 906
898 1018 1026 906 899 1019 1027 907
899 1019 1027 907 900 1020 1028 908
900 1020 1028 908 901 1021 1029 909
901 1021 1029 909 902 1022 1030 910
902 1022 1030 910 903 1023 1031 911
904 1024 1032 912 905 1025 1033 913
905 1025 1033 913 906 1026 1034 914
906 1026 1034 914 907 1027 1035 915
907 1027 1035 915 908 1028 1036 916
908 1028 1036 916 909 1029 1037 917
909 1029 1037 917 910 1030 1038 918
910 1030 1038 918 911 1031 1039 919
912 1032 1040 920 913 1033 1041 921
913 1033 1041 921 914 1034 1042 922
914 1034 1042 922 915 1035 1043 923
915 1035 1043 923 916 1036 1044 924
916 1036 1044 924 917 1037 1045 925
917 1037 1045 925 918 1038 1046 926
918 1038 1046 926 919 1039 1047 927
920 1040 1048 928 921 1041 1049 929
921 1041 1049 929 922 1042 1050 930
922 1042 1050 930 923 1043 1051 931
923 1043 1051 931 924 1044 1052 932
924 1044 1052 932 925 1045 1053 933
925 1045 1053 933 926 1046 1054 934
926 1046 1054 934 927 1047 1055 935
928 1048 1056 936 929 1049 1057 937
929 1049 1057 937 930 1050 1058 938
930 1050 1058 938 931 1051 1059 939
931 1051 1059 939 932 1052 1060 940
932 1052 1060 940 933 1053 1061 941
933 1053 1061 941 934 1054 1062 942
934 1054 1062 942 935 1055 1063 943
936 1056 1064 944 937 1057 1065 945
937 1057 1065 945 938 1058 1066 946
938 1058 1066 946 939 1059 1067 947
939 1059 1067 947 940 1060 1068 948
940 1060 1068 948 941 1061 1069 949
941 1061 1069 949 942 1062 1070 950
942 1062 1070 950 943 1063 1071 951
944 1064 1072 952 945 1065 1073 953
945 1065 1073 953 946 1066 1074 954
946 1066 1074 954 947 1067 1075 955
947 1067 1075 955 948 1068 1076 956
948 1068 1076 956 949 1069 1077 957
949 1069 1077 957 950 1070 1078 958
950 1070 1078 958 951 1071 1079 959
960 1080 1088 968 961 1081 1089 969
961 1081 1089 969 962 1082 1090 970
962 1082 1090 970 963 1083 1091 971
963 1083 1091 971 964 1084 1092 972
964 1084 1092 972 965 1085 1093 973
965 1085 1093 973 966 1086 1094 974
966 1086 1094 974 967 1087 1095 975
968 1088 1096 976 969 1089 1097 977
969 1089 1097 977 970 1090 1098 978
970 1090 1098 978 971 1091 1099 979
971 1091 1099 979 972 1092 1100 980
972 1092 1100 980 973 1093 1101 981
973 1093 1101 981 974 1094 1102 982
974 1094 1102 982 975 1095 1103 983
976 1096 1104 984 977 1097 1105 985
977 1097 1105 985 978 1098 1106 986
978 1098 1106 986 979 1099 1107 987
979 1099 1107 987 980 1100 1108 988
980 1100 1108 988 981 1101 1109 989
981 1101 1109 989 982 1102 1110 990
982 1102 1110 990 983 1103 1111 991
984 1104 1112 992 985 1105 1113 993
985 1105 1113 993 986 1106 1114 994
986 1106 1114 994 987 1107 1115 995
987 1107 1115 995 988 1108 1116 996
988 1108 1116 996 989 1109 1117 997
989 1109 1117 997 990 1110 1118 998
990 1110 1118 998 991 1111 1119 999
992 1112 1120 1000 993 1113 1121 1001
993 1113 1121 1001 994 1114 1122 1002
994 1114 1122 1002 995 1115 1123 1003
995 1115 1123 1003 996 1116 1124 1004
996 1116 1124 1004 997 1117 1125 1005
997 1117 1125 1005 998 1118 1126 1006
998 1118 1126 1006 999 1119 1127 1007
1000 1120 1128 1008 1001 1121 1129 1009
1001 1121 1129 1009 1002 1122 1130 1010
1002 1122 1130 1010 1003 1123 1131 1011
1003 1123 1131 1011 1004 1124 1132 1012
1004 1124 1132 1012 1005 1125 1133 1013
1005 1125 1133 1013 1006 1126 1134 1014
1006 1126 1134 1014 1007 1127 1135 1015
1008 1128 1136 1016 1009 1129 1137 1017
1009 1129 1137 1017 1010 1130 1138 1018
1010 1130 1138 1018 1011 1131 1139 1019
1011 1131 1139 1019 1012 1132 1140 1020
1012 1132 1140 1020 1013 1133 1141 1021
1013 1133 1141 1021 1014 1134 1142 1022
1014 1134 1142 1022 1015 1135 1143 1023
1016 1136 1144 1024 1017 1137 1145 1025
1017 1137 1145 1025 1018 1138 1146 1026
1018 1138 1146 1026 1019 1139 1147 1027
1019 1139 1147 1027 1020 1140 1148 1028
1020 1140 1148 1028 1021 1141 1149 1029
1021 1141 1149 1029 1022 1142 1150 1030
1022 1142 1150 1030 1023 1143 1151 1031
1024 1144 1152 1032 1025 1145 1153 1033
1025 1145 1153 1033 1026 1146 1154 1034
1026 1146 1154 1034 1027 1147 1155 1035
1027 1147 1155 1035 1028 1148 1156 1036
1028 1148 1156 1036 1029 1149 1157 1037
1029 1149 1157 1037 1030 1150 1158 1038
1030 1150 1158 1038 1031 1151 1159 1039
1032 1152 1160 1040 1033 1153 1161 1041
1033 1153 1161 1041 1034 1154 1162 1042
1034 1154 1162 1042 1035 1155 1163 1043
1035 1155 1163 1043 1036 1156 1164 1044
1036 1156 1164 1044 1037 1157 1165 1045
1037 1157 1165 1045 1038 1158 1166 1046
1038 1158 1166 1046 1039 1159 1167 1047
1040 1160 1168 1048 1041 1161 1169 1049
1041 1161 1169 1049 1042 1162 1170 1050
1042 1162 1170 1050 1043 1163 1171 1051
1043 1163 1171 1051 1044 1164 1172 1052
1044 1164 1172 1052 1045 1165 1173 1053
1045 1165 1173 1053 1046 1166 1174 1054
1046 1166 1174 1054 1047 1167 1175 1055
1048 1168 1176 1056 1049 1169 1177 1057
1049 1169 1177 1057 1050 1170 1178 1058
1050 1170 1178 1058 1051 1171 1179 1059
1051 1171 1179 1059 1052 1172 1180 1060
1052 1172 1180 1060 1053 1173 1181 1061
1053 1173 1181 1061 1054 1174 1182 1062
1054 1174 1182 1062 1055 1175 1183 1063
1056 1176 1184 1064 1057 1177 1185 1065
1057 1177 1185 1065 1058 1178 1186 1066
1058 1178 1186 1066 1059 1179 1187 1067
1059 1179 1187 1067 1060 1180 1188 1068
1060 1180 1188 1068 1061 1181 1189 1069
1061 1181 1189 1069 1062 1182 1190 1070
1062 1182 1190 1070 1063 1183 1191 1071
1064 1184 1192 1072 1065 1185 1193 1073
1065 1185 1193 1073 1066 1186 1194 1074
1066 1186 1194 1074 1067 1187 1195 1075
1067 1187 1195 1075 1068 1188 1196 1076
1068 1188 1196 1076 1069 1189 1197 1077
1069 1189 1197 1077 1070 1190 1198 1078
1070 1190 1198 1078 1071 1191 1199 1079
1080 1200 1208 1088 1081 1201 1209 1089
1081 1201 1209 1089 1082 1202 1210 1090
1082 1202 1210 1090 1083 1203 1211 1091
1083 1203 1211 1091 1084 1204 1212 1092
1084 1204 1212 1092 1085 1205 1213 1093
1085 1205 1213 1093 1086 1206 1214 1094
1086 1206 1214 1094 1087 1207 1215 1095
1088 1208 1216 1096 1089 1209 1217 1097
1089 1209 1217 1097 1090 1210 1218 1098
1090 1210 1218 1098 1091 1211 1219 1099
1091 1211 1219 1099 1092 1212 1220 1100
1092 1212 1220 1100 1093 1213 1221 1101
1093 1213 1221 1101 1094 1214 1222 1102
1094 1214 1222 1102 1095 1215 1223 1103
1096 1216 1224 1104 1097 1217 1225 1105
1097 1217 1225 1105 1098 1218 1226 1106
1098 1218 1226 1106 1099 1219 1227 1107
1099 1219 1227 1107 1100 1220 1228 1108
1100 1220 1228 1108 1101 1221 1229 1109
1101 1221 1229 1109 1102 1222 1230 1110
1102 1222 1230 1110 1103 1223 1231 1111
1104 1224 1232 1112 1105 1225 1233 1113
1105 1225 1233 1113 1106 1226 1234 1114
1106 1226 1234 1114 1107 1227 1235 1115
1107 1227 1235 1115 1108 1228 1236 1116
1108 1228 1236 1116 1109 1229 1237 1117
1109 1229 1237 1117 1110 1230 1238 1118
1110 1230 1238 1118 1111 1231 1239 1119
1112 1232 1240 1120 1113 1233 1241 1121
1113 1233 1241 1121 1114 1234 1242 1122
1114 1234 1242 1122 1115 1235 1243 1123
1115 1235 1243 1123 1116 1236 1244 1124
1116 1236 1244 1124 1117 1237 1245 1125
1117 1237 1245 1125 1118 1238 1246 1126
1118 1238 1246 1126 1119 1239 1247 1127
1120 1240 1248 1128 1121 1241 1249 1129
1121 1241 1249 1129 1122 1242 1250 1130
1122 1242 1250 1130 1123 1243 1251 1131
1123 1243 1251 1131 1124 1244 1252 1132
1124 1244 1252 1132 1125 1245 1253 1133
1125 1245 1253 1133 1126 1246 1254 1134
1126 1246 1254 1134 1127 1247 1255 1135
1128 1248 1256 1136 1129 1249 1257 1137
1129 1249 1257 1137 1130 1250 1258 1138
1130 1250 1258 1138 1131 1251 1259 1139
1131 1251 1259 1139 1132 1252 1260 1140
1132 1252 1260 1140 1133 1253 1261 1141
1133 1253 1261 1141 1134 1254 1262 1142
1134 1254 1262 1142 1135 1255 1263 1143
1136 1256 1264 1144 1137 1257 1265 1145
1137 1257 1265 1145 1138 1258 1266 1146
1138 1258 1266 1146 1139 1259 1267 1147
1139 1259 1267 1147 1140 1260 1268 1148
1140 1260 1268 1148 1141 1261 1269 1149
1141 1261 1269 1149 1142 1262 1270 1150
1142 1262 1270 1150 1143 1263 1271 1151
1144 1264 1272 1152 1145 1265 1273 1153
1145 1265 1273 1153 1146 1266 1274 1154
1146 1266 1274 1154 1147 1267 1275 1155
1147 1267 1275 1155 1148 1268 1276 1156
1148 1268 1276 1156 1149 1269 1277 1157
1149 1269 1277 1157 1150 1270 1278 1158
1150 1270 1278 1158 1151 1271 1279 1159
1152 1272 1280 1160 1153 1273 1281 1161
1153 1273 1281 1161 1154 1274 1282 1162
1154 1274 1282 1162 1155 1275 1283 1163
1155 1275 1283 1163 1156 1276 1284 1164
1156 1276 1284 1164 1157 1277 1285 1165
1157 1277 1285 1165 1158 1278 1286 1166
1158 1278 1286 1166 1159 1279 1287 1167
1160 1280 1288 1168 1161 1281 1289 1169
1161 1281 1289 1169 1162 1282 1290 1170
1162 1282 1290 1170 1163 1283 1291 1171
1163 1283 1291 1171 1164 1284 1292 1172
1164 1284 1292 1172 1165 1285 1293 1173
1165 1285 1293 1173 1166 1286 1294 1174
1166 1286 1294 1174 1167 1287 1295 1175
1168 1288 1296 1176 1169 1289 1297 1177
1169 1289 1297 1177 1170 1290 1298 1178
1170 1290 1298 1178 1171 1291 1299 1179
1171 1291 1299 1179 1172 1292 1300 1180
1172 1292 1300 1180 1173 1293 1301 1181
1173 1293 1301 1181 1174 1294 1302 1182
1174 1294 1302 1182 1175 1295 1303 1183
1176 1296 1304 1184 1177 1297 1305 1185
1177 1297 1305 1185 1178 1298 1306 1186
1178 1298 1306 1186 1179 1299 1307 1187
1179 1299 1307 1187 1180 1300 1308 1188
1180 1300 1308 1188 1181 1301 1309 1189
1181 1301 1309 1189 1182 1302 1310 1190
1182 1302 1310 1190 1183 1303 1311 1191
1184 1304 1312 1192 1185 1305 1313 1193
1185 1305 1313 1193 1186 1306 1314 1194
1186 1306 1314 1194 1187 1307 1315 1195
1187 1307 1315 1195 1188 1308 1316 1196
1188 1308 1316 1196 1189 1309 1317 1197
1189 1309 1317 1197 1190 1310 1318 1198
1190 1310 1318 1198 1191 1311 1319 1199
1200 1320 1328 1208 1201 1321 1329 1209
1201 1321 1329 1209 1202 1322 1330 1210
1202 1322 1330 1210 1203 1323 1331 1211
1203 1323 1331 1211 1204 1324 1332 1212
1204 1324 1332 1212 1205 1325 1333 1213
1205 1325 1333 1213 1206 1326 1334 1214
1206 1326 1334 1214 1207 1327 1335 1215
1208 1328 1336 1216 1209 1329 1337 1217
1209 1329 1337 1217 1210 1330 1338 1218
1210 1330 1338 1218 1211 1331 1339 1219
1211 1331 1339 1219 1212 1332 1340 1220
1212 1332 1340 1220 1213 1333 1341 1221
1213 1333 1341 1221 1214 1334 1342 1222
1214 1334 1342 1222 1215 1335 1343 1223
1216 1336 1344 1224 1217 1337 1345 1225
1217 1337 1345 1225 1218 1338 1346 1226
1218 1338 1346 1226 1219 1339 1347 1227
1219 1339 1347 1227 1220 1340 1348 1228
1220 1340 1348 1228 1221 1341 1349 1229
1221 1341 1349 1229 1222 1342 1350 1230
1222 1342 1350 1230 1223 1343 1351 1231
1224 1344 1352 1232 1225 1345 1353 1233
1225 1345 1353 1233 1226 1346 1354 1234
1226 1346 1354 1234 1227 1347 1355 1235
1227 1347 1355 1235 1228 1348 1356 1236
1228 1348 1356 1236 1229 1349 1357 1237
1229 1349 1357 1237 1230 1350 1358 1238
1230 1350 1358 1238 1231 1351 1359 1239
1232 1352 1360 1240 1233 1353 1361 1241
1233 1353 1361 1241 1234 1354 1362 1242
1234 1354 1362 1242 1235 1355 1363 1243
1235 1355 1363 1243 1236 1356 1364 1244
1236 1356 1364 1244 1237 1357 1365 1245
1237 1357 1365 1245 1238 1358 1366 1246
1238 1358 1366 1246 1239 1359 1367 1247
1240 1360 1368 1248 1241 1361 1369 1249
1241 1361 1369 1249 1242 1362 1370 1250
1242 1362 1370 1250 1243 1363 1371 1251
1243 1363 1371 1251 1244 1364 1372 1252
1244 1364 1372 1252 1245 1365 1373 1253
1245 1365 1373 1253 1246 1366 1374 1254
1246 1366 1374 1254 1247 1367 1375 1255
1248 1368 1376 1256 1249 1369 1377 1257
1249 1369 1377 1257 1250 1370 1378 1258
1250 1370 1378 1258 1251 1371 1379 1259
1251 1371 1379 1259 1252 1372 1380 1260
1252 1372 1380 1260 1253 1373 1381 1261
1253 1373 1381 1261 1254 1374 1382 1262
1254 1374 1382 1262 1255 1375 1383 1263
1256 1376 1384 1264 1257 1377 1385 1265
1257 1377 1385 1265 1258 1378 1386 1266
1258 1378 1386 1266 1259 1379 1387 1267
1259 1379 1387 1267 1260 1380 1388 1268
1260 1380 1388 1268 1261 1381 1389 1269
1261 1381 1389 1269 1262 1382 1390 1270
1262 1382 1390 1270 1263 1383 1391 1271
1264 1384 1392 1272 1265 1385 1393 1273
1265 1385 1393 1273 1266 1386 1394 1274
1266 1386 1394 1274 1267 1387 1395 1275
1267 1387 1395 1275 1268 1388 1396 1276
1268 1388 1396 1276 1269 1389 1397 1277
1269 1389 1397 1277 1270 1390 1398 1278
1270 1390 1398 1278 1271 1391 1399 1279
1272 1392 1400 1280 1273 1393 1401 1281
1273 1393 1401 1281 1274 1394 1402 1282
1274 1394 1402 1282 1275 1395 1403 1283
1275 1395 1403 1283 1276 1396 1404 1284
1276 1396 1404 1284 1277 1397 1405 1285
1277 1397 1405 1285 1278 1398 1406 1286
1278 1398 1406 1286 1279 1399 1407 1287
1280 1400 1408 1288 1281 1401 1409 1289
1281 1401 1409 1289 1282 1402 1410 1290
1282 1402 1410 1290 1283 1403 1411 1291
1283 1403 1411 1291 1284 1404 1412 1292
1284 1404 1412 1292 1285 1405 1413 1293
1285 1405 1413 1293 1286 1406 1414 1294
1286 1406 1414 1294 1287 1407 1415 1295
1288 1408 1416 1296 1289 1409 1417 1297
1289 1409 1417 1297 1290 1410 1418 1298
1290 1410 1418 1298 1291 1411 1419 1299
1291 1411 1419 1299 1292 1412 1420 1300
1292 1412 1420 1300 1293 1413 1421 1301
1293 1413 1421 1301 1294 1414 1422 1302
1294 1414 1422 1302 1295 1415 1423 1303
1296 1416 1424 1304 1297 1417 1425 1305
1297 1417 1425 1305 1298 1418 1426 1306
1298 1418 1426 1306 1299 1419 1427 1307
1299 1419 1427 1307 1300 1420 1428 1308
1300 1420 1428 1308 1301 1421 1429 1309
1301 1421 1429 1309 1302 1422 1430 1310
1302 1422 1430 1310 1303 1423 1431 1311
1304 1424 1432 1312 1305 1425 1433 1313
1305 1425 1433 1313 1306 1426 1434 1314
1306 1426 1434 1314 1307 1427 1435 1315
1307 1427 1435 1315 1308 1428 1436 1316
1308 1428 1436 1316 1309 1429 1437 1317
1309 1429 1437 1317 1310 1430 1438 1318
1310 1430 1438 1318 1311 1431 1439 1319
1320 1440 1448 1328 1321 1441 1449 1329
1321 1441 1449 1329 1322 1442 1450 1330
1322 1442 1450 1330 1323 1443 1451 1331
1323 1443 1451 1331 1324 1444 1452 1332
1324 1444 1452 1332 1325 1445 1453 1333
1325 1445 1453 1333 1326 1446 1454 1334
1326 1446 1454 1334 1327 1447 1455 1335
1328 1448 1456 1336 1329 1449 1457 1337
1329 1449 1457 1337 1330 1450 1458 1338
1330 1450 1458 1338 1331 1451 1459 1339
1331 1451 1459 1339 1332 1452 1460 1340
1332 1452 1460 1340 1333 1453 1461 1341
1333 1453 1461 1341 1334 1454 1462 1342
1334 1454 1462 1342 1335 1455 1463 1343
1336 1456 1464 1344 1337 1457 1465 1345
1337 1457 1465 1345 1338 1458 1466 1346
1338 1458 1466 1346 1339 1459 1467 1347
1339 1459 1467 1347 1340 1460 1468 1348
1340 1460 1468 1348 1341 1461 1469 1349
1341 1461 1469 1349 1342 1462 1470 1350
1342 1462 1470 1350 1343 1463 1471 1351
1344 1464 1472 1352 1345 1465 1473 1353
1345 1465 1473 1353 1346 1466 1474 1354
1346 1466 1474 1354 1347 1467 1475 1355
1347 1467 1475 1355 1348 1468 1476 1356
1348 1468 1476 1356 1349 1469 1477 1357
1349 1469 1477 1357 1350 1470 1478 1358
1350 1470 1478 1358 1351 1471 1479 1359
1352 1472 1480 1360 1353 1473 1481 1361
1353 1473 1481 1361 1354 1474 1482 1362
1354 1474 1482 1362 1355 1475 1483 1363
1355 1475 1483 1363 1356 1476 1484 1364
1356 1476 1484 1364 1357 1477 1485 1365
1357 1477 1485 1365 1358 1478 1486 1366
1358 1478 1486 1366 1359 1479 1487 1367
1360 1480 1488 1368 1361 1481 1489 1369
1361 1481 1489 1369 1362 1482 1490 1370
1362 1482 1490 1370 1363 1483 1491 1371
1363 1483 1491 1371 1364 1484 1492 1372
1364 1484 1492 1372 1365 1485 1493 1373
1365 1485 1493 1373 1366 1486 1494 1374
1366 1486 1494 1374 1367 1487 1495 1375
1368 1488 1496 1376 1369 1489 1497 1377
1369 1489 1497 1377 1370 1490 1498 1378
1370 1490 1498 1378 1371 1491 1499 1379
1371 1491 1499 1379 1372 1492 1500 1380
1372 1492 1500 1380 1373 1493 1501 1381
1373 1493 1501 1381 1374 1494 1502 1382
1374 1494 1502 1382 1375 1495 1503 1383
1376 1496 1504 1384 1377 1497 1505 1385
1377 1497 1505 1385 1378 1498 1506 1386
1378 1498 1506 1386 1379 1499 1507 1387
1379 1499 1507 1387 1380 1500 1508 1388
1380 1500 1508 1388 1381 1501 1509 1389
1381 1501 1509 1389 1382 1502 1510 1390
1382 1502 1510 1390 1383 1503 1511 1391
1384 1504 1512 1392 1385 1505 1513 1393
1385 1505 1513 1393 1386 1506 1514 1394
1386 1506 1514 1394 1387 1507 1515 1395
1387 1507 1515 1395 1388 1508 1516 1396
1388 1508 1516 1396 1389 1509 1517 1397
1389 1509 1517 1397 1390 1510 1518 1398
1390 1510 1518 1398 1391 1511 1519 1399
1392 1512 1520 1400 1393 1513 1521 1401
1393 1513 1521 1401 1394 1514 1522 1402
1394 1514 1522 1402 1395 1515 1523 1403
1395 1515 1523 1403 1396 1516 1524 1404
1396 1516 1524 1404 1397 1517 1525 1405
1397 1517 1525 1405 1398 1518 1526 1406
1398 1518 1526 1406 1399 1519 1527 1407
1400 1520 1528 1408 1401 1521 1529 1409
1401 1521 1529 1409 1402 1522 1530 1410
1402 1522 1530 1410 1403 1523 1531 1411
1403 1523 1531 1411 1404 1524 1532 1412
1404 1524 1532 1412 1405 1525 1533 1413
1405 1525 1533 1413 1406 1526 1534 1414
1406 1526 1534 1414 1407 1527 1535 1415
1408 1528 1536 1416 1409 1529 1537 1417
1409 1529 1537 1417 1410 1530 1538 1418
1410 1530 1538 1418 1411 1531 1539 1419
1411 1531 1539 1419 1412 1532 1540 1420
1412 1532 1540 1420 1413 1533 1541 1421
1413 1533 1541 1421 1414 1534 1542 1422
1414 1534 1542 1422 1415 1535 1543 1423
1416 1536 1544 1424 1417 1537 1545 1425
1417 1537 1545 1425 1418 1538 1546 1426
1418 1538 1546 1426 1419 1539 1547 1427
1419 1539 1547 1427 1420 1540 1548 1428
1420 1540 1548 1428 1421 1541 1549 1429
1421 1541 1549 1429 1422 1542 1550 1430
1422 1542 1550 1430 1423 1543 1551 1431
1424 1544 1552 1432 1425 1545 1553 1433
1425 1545 1553 1433 1426 1546 1554 1434
1426 1546 1554 1434 1427 1547 1555 1435
1427 1547 1555 1435 1428 1548 1556 1436
1428 1548 1556 1436 1429 1549 1557 1437
1429 1549 1557 1437 1430 1550 1558 1438
1430 1550 1558 1438 1431 1551 1559 1439
1440 1560 1568 1448 1441 1561 1569 1449
1441 1561 1569 1449 1442 1562 1570 1450
1442 1562 1570 1450 1443 1563 1571 1451
1443 1563 1571 1451 1444 1564 1572 1452
1444 1564 1572 1452 1445 1565 1573 1453
1445 1565 1573 1453 1446 1566 1574 1454
1446 1566 1574 1454 1447 1567 1575 1455
1448 1568 1576 1456 1449 1569 1577 1457
1449 1569 1577 1457 1450 1570 1578 1458
1450 1570 1578 1458 1451 1571 1579 1459
1451 1571 1579 1459 1452 1572 1580 1460
1452 1572 1580 1460 1453 1573 1581 1461
1453 1573 1581 1461 1454 1574 1582 1462
1454 1574 1582 1462 1455 1575 1583 1463
1456 1576 1584 1464 1457 1577 1585 1465
1457 1577 1585 1465 1458 1578 1586 1466
1458 1578 1586 1466 1459 1579 1587 1467
1459 1579 1587 1467 1460 1580 1588 1468
1460 1580 1588 1468 1461 1581 1589 1469
1461 1581 1589 1469 1462 1582 1590 1470
1462 1582 1590 1470 1463 1583 1591 1471
1464 1584 1592 1472 1465 1585 1593 1473
1465 1585 1593 1473 1466 1586 1594 1474
1466 1586 1594 1474 1467 1587 1595 1475
1467 1587 1595 1475 1468 1588 1596 1476
1468 1588 1596 1476 1469 1589 1597 1477
1469 1589 1597 1477 1470 1590 1598 1478
1470 1590 1598 1478 1471 1591 1599 1479
1472 1592 1600 1480 1473 1593 1601 1481
1473 1593 1601 1481 1474 1594 1602 1482
1474 1594 1602 1482 1475 1595 1603 1483
1475 1595 1603 1483 1476 1596 1604 1484
1476 1596 1604 1484 1477 1597 1605 1485
1477 1597 1605 1485 1478 1598 1606 1486
1478 1598 1606 1486 1479 1599 1607 1487
1480 1600 1608 1488 1481 1601 1609 1489
1481 1601 1609 1489 1482 1602 1610 1490
1482 1602 1610 1490 1483 1603 1611 1491
1483 1603 1611 1491 1484 1604 1612 1492
1484 1604 1612 1492 1485 1605 1613 1493
1485 1605 1613 1493 1486 1606 1614 1494
1486 1606 1614 1494 1487 1607 1615 1495
1488 1608 1616 1496 1489 1609 1617 1497
1489 1609 1617 1497 1490 1610 1618 1498
1490 1610 1618 1498 1491 1611 1619 1499
1491 1611 1619 1499 1492 1612 1620 1500
1492 1612 1620 1500 1493 1613 1621 1501
1493 1613 1621 1501 1494 1614 1622 1502
1494 1614 1622 1502 1495 1615 1623 1503
1496 1616 1624 1504 1497 1617 1625 1505
1497 1617 1625 1505 1498 1618 1626 1506
1498 1618 1626 1506 1499 1619 1627 1507
1499 1619 1627 1507 1500 1620 1628 1508
1500 1620 1628 1508 1501 1621 1629 1509
1501 1621 1629 1509 1502 1622 1630 1510
1502 1622 1630 1510 1503 1623 1631 1511
1504 1624 1632 1512 1505 1625 1633 1513
1505 1625 1633 1513 1506 1626 1634 1514
1506 1626 1634 1514 1507 1627 1635 1515
1507 1627 1635 1515 1508 1628 1636 1516
1508 1628 1636 1516 1509 1629 1637 1517
1509 1629 1637 1517 1510 1630 1638 1518
1510 1630 1638 1518 1511 1631 1639 1519
1512 1632 1640 1520 1513 1633 1641 1521
1513 1633 1641 1521 1514 1634 1642 1522
1514 1634 1642 1522 1515 1635 1643 1523
1515 1635 1643 1523 1516 1636 1644 1524
1516 1636 1644 1524 1517 1637 1645 1525
1517 1637 1645 1525 1518 1638 1646 1526
1518 1638 1646 1526 1519 1639 1647 1527
1520 1640 1648 1528 1521 1641 1649 1529
1521 1641 1649 1529 1522 1642 1650 1530
1522 1642 1650 1530 1523 1643 1651 1531
1523 1643 1651 1531 1524 1644 1652 1532
1524 1644 1652 1532 1525 1645 1653 1533
1525 1645 1653 1533 1526 1646 1654 1534
1526 1646 1654 1534 1527 1647 1655 1535
1528 1648 1656 1536 1529 1649 1657 1537
1529 1649 1657 1537 1530 1650 1658 1538
1530 1650 1658 1538 1531 1651 1659 1539
1531 1651 1659 1539 1532 1652 1660 1540
1532 1652 1660 1540 1533 1653 1661 1541
1533 1653 1661 1541 1534 1654 1662 1542
1534 1654 1662 1542 1535 1655 1663 1543
1536 1656 1664 1544 1537 1657 1665 1545
1537 1657 1665 1545 1538 1658 1666 1546
1538 1658 1666 1546 1539 1659 1667 1547
1539 1659 1667 1547 1540 1660 1668 1548
1540 1660 1668 1548 1541 1661 1669 1549
1541 1661 1669 1549 1542 1662 1670 1550
1542 1662 1670 1550 1543 1663 1671 1551
1544 1664 1672 1552 1545 1665 1673 1553
1545 1665 1673 1553 1546 1666 1674 1554
1546 1666 1674 1554 1547 1667 1675 1555
1547 1667 1675 1555 1548 1668 1676 1556
1548 1668 1676 1556 1549 1669 1677 1557
1549 1669 1677 1557 1550 1670 1678 1558
1550 1670 1678 1558 1551 1671 1679 1559
1560 1680 1688 1568 1561 1681 1689 1569
1561 1681 1689 1569 1562 1682 1690 1570
1562 1682 1690 1570 1563 1683 1691 1571
1563 1683 1691 1571 1564 1684 1692 1572
1564 1684 1692 1572 1565 1685 1693 1573
1565 1685 1693 1573 1566 1686 1694 1574
1566 1686 1694 1574 1567 1687 1695 1575
1568 1688 1696 1576 1569 1689 1697 1577
1569 1689 1697 1577 1570 1690 1698 1578
1570 1690 1698 1578 1571 1691 1699 1579
1571 1691 1699 1579 1572 1692 1700 1580
1572 1692 1700 1580 1573 1693 1701 1581
1573 1693 1701 1581 1574 1694 1702 1582
1574 1694 1702 1582 1575 1695 1703 1583
1576 1696 1704 1584 1577 1697 1705 1585
1577 1697 1705 1585 1578 1698 1706 1586
1578 1698 1706 1586 1579 1699 1707 1587
1579 1699 1707 1587 1580 1700 1708 1588
1580 1700 1708 1588 1581 1701 1709 1589
1581 1701 1709 1589 1582 1702 1710 1590
1582 1702 1710 1590 1583 1703 1711 1591
1584 1704 1712 1592 1585 1705 1713 1593
1585 1705 1713 1593 1586 1706 1714 1594
1586 1706 1714 1594 1587 1707 1715 1595
1587 1707 1715 1595 1588 1708 1716 1596
1588 1708 1716 1596 1589 1709 1717 1597
1589 1709 1717 1597 1590 1710 1718 1598
1590 1710 1718 1598 1591 1711 1719 1599
1592 1712 1720 1600 1593 1713 1721 1601
1593 1713 1721 1601 1594 1714 1722 1602
1594 1714 1722 1602 1595 1715 1723 1603
1595 1715 1723 1603 1596 1716 1724 1604
1596 1716 1724 1604 1597 1717 1725 1605
1597 1717 1725 1605 1598 1718 1726 1606
1598 1718 1726 1606 1599 1719 1727 1607
1600 1720 1728 1608 1601 1721 1729 1609
1601 1721 1729 1609 1602 1722 1730 1610
1602 1722 1730 1610 1603 1723 1731 1611
1603 1723 1731 1611 1604 1724 1732 1612
1604 1724 1732 1612 1605 1725 1733 1613
1605 1725 1733 1613 1606 1726 1734 1614
1606 1726 1734 1614 1607 1727 1735 1615
1608 1728 1736 1616 1609 1729 1737 1617
1609 1729 1737 1617 1610 1730 1738 1618
1610 1730 1738 1618 1611 1731 1739 1619
1611 1731 1739 1619 1612 1732 1740 1620
1612 1732 1740 1620 1613 1733 1741 1621
1613 1733 1741 1621 1614 1734 1742 1622
1614 1734 1742 1622 1615 1735 1743 1623
1616 1736 1744 1624 1617 1737 1745 1625
1617 1737 1745 1625 1618 1738 1746 1626
1618 1738 1746 1626 1619 1739 1747 1627
1619 1739 1747 1627 1620 1740 1748 1628
1620 1740 1748 1628 1621 1741 1749 1629
1621 1741 1749 1629 1622 1742 1750 1630
1622 1742 1750 1630 1623 1743 1751 1631
1624 1744 1752 1632 1625 1745 1753 1633
1625 1745 1753 1633 1626 1746 1754 1634
1626 1746 1754 1634 1627 1747 1755 1635
1627 1747 1755 1635 1628 1748 1756 1636
1628 1748 1756 1636 1629 1749 1757 1637
1629 1749 1757 1637 1630 1750 1758 1638
1630 1750 1758 1638 1631 1751 1759 1639
1632 1752 1760 1640 1633 1753 1761 1641
1633 1753 1761 1641 1634 1754 1762 1642
1634 1754 1762 1642 1635 1755 1763 1643
1635 1755 1763 1643 1636 1756 1764 1644
1636 1756 1764 1644 1637 1757 1765 1645
1637 1757 1765 1645 1638 1758 1766 1646
1638 1758 1766 1646 1639 1759 1767 1647
1640 1760 1768 1648 1641 1761 1769 1649
1641 1761 1769 1649 1642 1762 1770 1650
1642 1762 1770 1650 1643 1763 1771 1651
1643 1763 1771 1651 1644 1764 1772 1652
1644 1764 1772 1652 1645 1765 1773 1653
1645 1765 1773 1653 1646 1766 1774 1654
1646 1766 1774 1654 1647 1767 1775 1655
1648 1768 1776 1656 1649 1769 1777 1657
1649 1769 1777 1657 1650 1770 1778 1658
1650 1770 1778 1658 1651 1771 1779 1659
1651 1771 1779 1659 1652 1772 1780 1660
1652 1772 1780 1660 1653 1773 1781 1661
1653 1773 1781 1661 1654 1774 1782 1662
1654 1774 1782 1662 1655 1775 1783 1663
1656 1776 1784 1664 1657 1777 1785 1665
1657 1777 1785 1665 1658 1778 1786 1666
1658 1778 1786 1666 1659 1779 1787 1667
1659 1779 1787 1667 1660 1780 1788 1668
1660 1780 1788 1668 1661 1781 1789 1669
1661 1781 1789 1669 1662 1782 1790 1670
1662 1782 1790 1670 1663 1783 1791 1671
1664 1784 1792 1672 1665 1785 1793 1673
1665 1785 1793 1673 1666 1786 1794 1674
1666 1786 1794 1674 1667 1787 1795 1675
1667 1787 1795 1675 1668 1788 1796 1676
1668 1788 1796 1676 1669 1789 1797 1677
1669 1789 1797 1677 1670 1790 1798 1678
1670 1790 1798 1678 1671 1791 1799 1679
