position_um,Ni_at_percent,Zr_at_percent,Y_at_percent,Ce_at_percent,Gd_at_percent,La_at_percent,Sr_at_percent,Mn_at_percent,O_at_percent,Cr_at_percent
0.0,44.5530571482269,43.25634016787112,5.451323798868589,0.0,0.0,0.0,0.0,0.0,6.739278885033394,0.0
2.0066889632107023,44.63493775441899,43.21622419844135,5.448754860232541,0.0,0.0,0.0,0.0,0.0,6.700083186907121,0.0
4.013377926421405,44.771657946436655,43.14618250487793,5.442122818485305,0.0,0.0,0.0,0.0,0.0,6.640036730200115,0.0
6.020066889632107,44.92277083201897,43.05885612093871,5.429610963987018,0.0,0.0,0.0,0.0,0.0,6.588762083055324,0.0
8.02675585284281,45.05145886582883,42.96302927217758,5.4104022569203885,0.0,0.0,0.0,0.0,0.0,6.575109605073198,0.0
10.033444816053512,45.1372053236061,42.862610686090036,5.385606109984076,0.0,0.0,0.0,0.0,0.0,6.6145778803197715,0.0
12.040133779264213,45.17901186205642,42.76281139484973,5.357831791509071,0.0,0.0,0.0,0.0,0.0,6.700344951584793,0.0
14.046822742474916,45.19195506089094,42.67392931850063,5.330118726472212,0.0,0.0,0.0,0.0,0.0,6.80399689413621,0.0
16.05351170568562,45.19905038312913,42.61008957245092,5.304670335103879,0.0,0.0,0.0,0.0,0.0,6.886189709316073,0.0
18.06020066889632,45.22037188118829,42.58324548332047,5.282372103367335,0.0,0.0,0.0,0.0,0.0,6.914010532123893,0.0
20.066889632107024,45.261590444570956,42.59829190202946,5.263414654424981,0.0,0.0,0.0,0.0,0.0,6.876702998974596,0.0
22.073578595317727,45.307453836240775,42.653673659328405,5.248362148744273,0.0,0.0,0.0,0.0,0.0,6.790510355686533,0.0
24.080267558528426,45.324323253466524,42.74594910788237,5.239153560742475,0.0,0.0,0.0,0.0,0.0,6.6905740779086385,0.0
26.08695652173913,45.27354196001123,42.874195645153776,5.23912774152518,0.0,0.0,0.0,0.0,0.0,6.613134653309817,0.0
28.093645484949832,45.12803640644858,43.04097469292379,5.252170599962172,0.0,0.0,0.0,0.0,0.0,6.5788183006654535,0.0
30.100334448160535,44.88515321869253,43.24763292660308,5.280874425839345,0.0,0.0,0.0,0.0,0.0,6.58633942886504,0.0
32.10702341137124,44.56979438810682,43.48781033622197,5.324691600738197,0.0,0.0,0.0,0.0,0.0,6.617703674933025,0.0
34.11371237458194,44.2285389998747,43.74189103601195,5.378762753938919,0.0,0.0,0.0,0.0,0.0,6.650807210174422,0.0
36.12040133779264,43.918572397718854,43.97733841823705,5.4346630671298435,0.0,0.0,0.0,0.0,0.0,6.669426116914261,0.0
38.12709030100334,43.692232197412004,44.15801476018209,5.483056770852528,0.0,0.0,0.0,0.0,0.0,6.6666962715533655,0.0
40.13377926421405,43.58065878057128,44.25966238144004,5.516533096571456,0.0,0.0,0.0,0.0,0.0,6.64314574141721,0.0
42.14046822742475,43.58069060389973,44.28403472813499,5.531890790137202,0.0,0.0,0.0,0.0,0.0,6.60338387782807,0.0
44.147157190635454,43.652698440843025,44.26129620787698,5.530395561061168,0.0,0.0,0.0,0.0,0.0,6.555609790218818,0.0
46.15384615384615,43.73322108290629,44.23848244655994,5.516357254599221,0.0,0.0,0.0,0.0,0.0,6.511939215934561,0.0
48.16053511705685,43.75821025588125,44.259199659903715,5.495553018101754,0.0,0.0,0.0,0.0,0.0,6.487037066113273,0.0
50.16722408026756,43.68517464447582,44.34840717264177,5.4736607467826035,0.0,0.0,0.0,0.0,0.0,6.492757436099791,0.0
52.17391304347826,43.50649236008218,44.5071181024513,5.455112249794445,0.0,0.0,0.0,0.0,0.0,6.53127728767207,0.0
54.180602006688964,43.24837544315048,44.71798865805161,5.442574853338951,0.0,0.0,0.0,0.0,0.0,6.591061045458963,0.0
56.187290969899664,42.95807107953851,44.95399764133074,5.437302976906335,0.0,0.0,0.0,0.0,0.0,6.650628302224394,0.0
58.19397993311037,42.68717602831157,45.184630409199016,5.439977309271898,0.0,0.0,0.0,0.0,0.0,6.688216253217526,0.0
60.20066889632107,42.475100639682275,45.380818796502005,5.450736590743994,0.0,0.0,0.0,0.0,0.0,6.693343973071733,0.0
62.207357859531776,42.340586478781404,45.51939396902937,5.468292687976071,0.0,0.0,0.0,0.0,0.0,6.671726864213149,0.0
64.21404682274247,42.28167238073753,45.589081956370975,5.488227392309879,0.0,0.0,0.0,0.0,0.0,6.641018270581614,0.0
66.22073578595318,42.28290855509684,45.5948348303573,5.502893255889681,0.0,0.0,0.0,0.0,0.0,6.619363358656173,0.0
68.22742474916387,42.32466136975398,45.55632278953866,5.5040618457332195,0.0,0.0,0.0,0.0,0.0,6.614953994974139,0.0
70.23411371237458,42.390453831214145,45.49852807454272,5.487754528100522,0.0,0.0,0.0,0.0,0.0,6.623263566142609,0.0
72.24080267558529,42.468213522599655,45.44049623933374,5.457569609073921,0.0,0.0,0.0,0.0,0.0,6.633720628992686,0.0
74.24749163879599,42.548209491802474,45.38856433994491,5.424539113319071,0.0,0.0,0.0,0.0,0.0,6.638687054933561,0.0
76.25418060200668,42.61948788050581,45.339688434651,5.4023445319949825,0.0,0.0,0.0,0.0,0.0,6.638479152848212,0.0
78.26086956521739,42.66886653481194,45.29155191883947,5.400896042650529,0.0,0.0,0.0,0.0,0.0,6.638685503698073,0.0
80.2675585284281,42.68365286104591,45.2523237316289,5.421466324515315,0.0,0.0,0.0,0.0,0.0,6.64255708280986,0.0
82.27424749163879,42.65880135304886,45.239443038110494,5.456140128427421,0.0,0.0,0.0,0.0,0.0,6.645615480413232,0.0
84.2809364548495,42.60360040266707,45.26943380713237,5.491385989552092,0.0,0.0,0.0,0.0,0.0,6.635579800648466,0.0
86.2876254180602,42.542863256578975,45.343876444080756,5.5135188142986395,0.0,0.0,0.0,0.0,0.0,6.599741485041634,0.0
88.29431438127091,42.50993280432229,45.442308101867255,5.513794683518074,0.0,0.0,0.0,0.0,0.0,6.533964410292392,0.0
90.3010033444816,42.532546034383934,45.52885472879847,5.490899512371521,0.0,0.0,0.0,0.0,0.0,6.4476997244460765,0.0
92.3076923076923,42.619769939854045,45.5681454874757,5.450357511949135,0.0,0.0,0.0,0.0,0.0,6.361727060721114,0.0
94.31438127090301,42.75500253882321,45.542421477001064,5.402082413330681,0.0,0.0,0.0,0.0,0.0,6.300493570845048,0.0
96.3210702341137,42.897826116514,45.461537247102264,5.3573474977164,0.0,0.0,0.0,0.0,0.0,6.283289138667339,0.0
98.32775919732441,42.994540876980814,45.36000406268585,5.325852123848425,0.0,0.0,0.0,0.0,0.0,6.319602936484898,0.0
100.33444816053512,42.9956470197425,45.2814953594167,5.3138950858614695,0.0,0.0,0.0,0.0,0.0,6.408962534979318,0.0
102.34113712374582,42.87394678801989,45.25957473455509,5.323344262870906,0.0,0.0,0.0,0.0,0.0,6.5431342145541125,0.0
104.34782608695652,42.63722537141763,45.30335238368938,5.351513874713762,0.0,0.0,0.0,0.0,0.0,6.707908370179223,0.0
106.35451505016722,42.326769844774034,45.398339386150504,5.3919496474045765,0.0,0.0,0.0,0.0,0.0,6.8829411216708785,0.0
108.36120401337793,42.00220988496465,45.5194630482119,5.435677654212688,0.0,0.0,0.0,0.0,0.0,7.042649412610793,0.0
110.36789297658864,41.7210711311503,45.646192280280545,5.472603756030268,0.0,0.0,0.0,0.0,0.0,7.160132832538903,0.0
112.37458193979933,41.52253923910016,45.76924441221598,5.492805325953064,0.0,0.0,0.0,0.0,0.0,7.2154110227307795,0.0
114.38127090301003,41.42091441902741,45.88610053243987,5.488686253664641,0.0,0.0,0.0,0.0,0.0,7.204298794868083,0.0
116.38795986622074,41.40720188566277,45.99282952941747,5.457550977465287,0.0,0.0,0.0,0.0,0.0,7.1424176074544805,0.0
118.39464882943143,41.45518545261741,46.08098604539024,5.403629560139459,0.0,0.0,0.0,0.0,0.0,7.060198941852902,0.0
120.40133779264214,41.52871871095298,46.14391946352351,5.337893015364164,0.0,0.0,0.0,0.0,0.0,6.989468810159344,0.0
122.40802675585284,41.59114210429016,46.184735679231665,5.274648172390239,0.0,0.0,0.0,0.0,0.0,6.949474044087942,0.0
124.41471571906355,41.61571867989915,46.21770092485929,5.2261974238082365,0.0,0.0,0.0,0.0,0.0,6.9403829714333245,0.0
126.42140468227424,41.595540504585536,46.25856614027099,5.1988239066398565,0.0,0.0,0.0,0.0,0.0,6.947069448503615,0.0
128.42809364548495,41.547637926618876,46.31105853534624,5.191624349749636,0.0,0.0,0.0,0.0,0.0,6.949679188285258,0.0
130.43478260869566,41.50818445886987,46.35929590260737,5.198232386494425,0.0,0.0,0.0,0.0,0.0,6.93428725202832,0.0
132.44147157190636,41.51821642894876,46.373807374616135,5.209851245439242,0.0,0.0,0.0,0.0,0.0,6.898124950995858,0.0
134.44816053511707,41.60496035925092,46.32786878330594,5.2186523980700175,0.0,0.0,0.0,0.0,0.0,6.848518459373117,0.0
136.45484949832775,41.769433846047896,46.213102641792574,5.220505067894835,0.0,0.0,0.0,0.0,0.0,6.796958444264691,0.0
138.46153846153845,41.98531403715208,46.04494211102784,5.216498537589972,0.0,0.0,0.0,0.0,0.0,6.753245314230122,0.0
140.46822742474916,42.21181553226146,45.85345581914637,5.212206372827084,0.0,0.0,0.0,0.0,0.0,6.722522275765094,0.0
142.47491638795987,42.410737417755264,45.66919727930524,5.215124241168166,0.0,0.0,0.0,0.0,0.0,6.70494106177133,0.0
144.48160535117057,42.559158436051334,45.51323373315792,5.2312898542489625,0.0,0.0,0.0,0.0,0.0,6.696317976541792,0.0
146.48829431438128,42.65292489369499,45.395547146934994,5.2626721088044555,0.0,0.0,0.0,0.0,0.0,6.688855850565554,0.0
148.49498327759198,42.70082900881064,45.320714015654026,5.306397050017914,0.0,0.0,0.0,0.0,0.0,6.672059925517422,0.0
150.50167224080266,42.71406110038035,45.293404026097754,5.356275346222299,0.0,0.0,0.0,0.0,0.0,6.636259527299608,0.0
152.50836120401337,42.69658778307567,45.320687733522455,5.405637329403463,0.0,0.0,0.0,0.0,0.0,6.5770871539983995,0.0
154.51505016722408,42.64299468218005,45.409448417567596,5.4493942394144685,0.0,0.0,0.0,0.0,0.0,6.498162660837879,0.0
156.52173913043478,42.54483964249887,45.56071236787895,5.48444129307272,0.0,0.0,0.0,0.0,0.0,6.410006696549448,0.0
158.5284280936455,42.40068568420801,45.76481871176321,5.5088103679822575,0.0,0.0,0.0,0.0,0.0,6.325685236046528,0.0
160.5351170568562,42.22283527219736,46.00008621253934,5.521180333047988,0.0,0.0,0.0,0.0,0.0,6.2558981822153195,0.0
162.5418060200669,42.032401996696365,46.2385316690044,5.522055504594132,0.0,0.0,0.0,0.0,0.0,6.2070108297051,0.0
164.54849498327758,41.84712765307305,46.45585840590499,5.514889727698927,0.0,0.0,0.0,0.0,0.0,6.182124213323037,0.0
166.55518394648828,41.67043101455803,46.639288188794694,5.505688716944275,0.0,0.0,0.0,0.0,0.0,6.184592079703009,0.0
168.561872909699,41.4918235394842,46.78878887387541,5.500003545175288,0.0,0.0,0.0,0.0,0.0,6.219384041465101,0.0
170.5685618729097,41.29920721976952,46.909568316022145,5.499275924474381,0.0,0.0,0.0,0.0,0.0,6.291948539733938,0.0
172.5752508361204,41.09466136297806,47.001603925791606,5.499541658028409,0.0,0.0,0.0,0.0,0.0,6.404193053201941,0.0
174.5819397993311,40.90155401193542,47.053667747133396,5.493632346797858,0.0,0.0,0.0,0.0,0.0,6.5511458941333185,0.0
176.58862876254182,40.75877350088244,47.04471542915173,5.475755577374377,0.0,0.0,0.0,0.0,0.0,6.720755492591475,0.0
178.5953177257525,40.70301447990055,46.95577797230946,5.444736673266778,0.0,0.0,0.0,0.0,0.0,6.896470874523214,0.0
180.6020066889632,40.74768910941333,46.78631386609568,5.404868361328879,0.0,0.0,0.0,0.0,0.0,7.061128663162101,0.0
182.6086956521739,40.87110896165033,46.56556491055088,5.363446166290439,0.0,0.0,0.0,0.0,0.0,7.199879961508346,0.0
184.6153846153846,41.022388914419366,46.34926488746159,5.327596525724616,0.0,0.0,0.0,0.0,0.0,7.300749672394424,0.0
186.62207357859532,41.14254883107492,46.200631798501576,5.301860512487318,0.0,0.0,0.0,0.0,0.0,7.354958857936186,0.0
188.62876254180603,41.19011168414018,46.16421400374298,5.287046831001064,0.0,0.0,0.0,0.0,0.0,7.3586274811157875,0.0
190.63545150501673,41.15644976506792,46.24723596380338,5.280936752833569,0.0,0.0,0.0,0.0,0.0,7.315377518295119,0.0
192.6421404682274,41.06448360316838,46.41856662996648,5.279285731270736,0.0,0.0,0.0,0.0,0.0,7.237664035594397,0.0
194.64882943143812,40.952649203806494,46.62580875979973,5.277563350973402,0.0,0.0,0.0,0.0,0.0,7.143978685420377,0.0
196.65551839464882,40.85234390795255,46.82147298702723,5.272770682691038,0.0,0.0,0.0,0.0,0.0,7.053412422329177,0.0
198.66220735785953,40.77325747064976,46.98162124953045,5.264974541718711,0.0,0.0,0.0,0.0,0.0,6.980146738101095,0.0
200.66889632107024,40.70374230484434,47.10757249354259,5.257758636121167,0.0,0.0,0.0,0.0,0.0,6.930926565491928,0.0
202.67558528428094,40.62600556551709,47.21067376801841,5.257498480618448,0.0,0.0,0.0,0.0,0.0,6.905822185846048,0.0
204.68227424749165,40.53528392259885,47.29428430487187,5.271472909069671,0.0,0.0,0.0,0.0,0.0,6.898958863459605,0.0
206.68896321070235,40.449137443307144,47.34610583115504,5.305127336715555,0.0,0.0,0.0,0.0,0.0,6.8996293888222775,0.0
208.69565217391303,40.399285336331445,47.34722196456369,5.359571171124408,0.0,0.0,0.0,0.0,0.0,6.893921527980473,0.0
210.70234113712374,40.409740652038415,47.289201475289445,5.430469325267138,0.0,0.0,0.0,0.0,0.0,6.87058854740501,0.0
212.70903010033445,40.47938516101672,47.18368908155403,5.508930329794485,0.0,0.0,0.0,0.0,0.0,6.827995427634756,0.0
214.71571906354515,40.58056410583996,47.05723151498518,5.584347094296289,0.0,0.0,0.0,0.0,0.0,6.777857284878561,0.0
216.72240802675586,40.67554409514549,46.93634537791394,5.646677990975417,0.0,0.0,0.0,0.0,0.0,6.741432535965165,0.0
218.72909698996656,40.73742659711385,46.83621305436624,5.687444628077655,0.0,0.0,0.0,0.0,0.0,6.738915720442249,0.0
220.73578595317727,40.76096417926455,46.76108244421382,5.699465649013033,0.0,0.0,0.0,0.0,0.0,6.778487727508603,0.0
222.74247491638795,40.75793024635526,46.71263398045976,5.677673195751216,0.0,0.0,0.0,0.0,0.0,6.8517625774337665,0.0
224.74916387959865,40.744135237885146,46.69513189070708,5.621666033631098,0.0,0.0,0.0,0.0,0.0,6.939066837776675,0.0
226.75585284280936,40.72843629942542,46.71348416246325,5.5385847768098895,0.0,0.0,0.0,0.0,0.0,7.019494761301451,0.0
228.76254180602007,40.711769478526016,46.76469666707563,5.443363184639385,0.0,0.0,0.0,0.0,0.0,7.080170669758959,0.0
230.76923076923077,40.69348329272051,46.833751547322066,5.354757614984834,0.0,0.0,0.0,0.0,0.0,7.118007544972587,0.0
232.77591973244148,40.67610404025784,46.898648934599,5.289304549075996,0.0,0.0,0.0,0.0,0.0,7.1359424760671555,0.0
234.7826086956522,40.6650716742873,46.94075142829729,5.256217214686414,0.0,0.0,0.0,0.0,0.0,7.1379596827290115,0.0
236.78929765886286,40.66285475349078,46.955373515300145,5.256166353529439,0.0,0.0,0.0,0.0,0.0,7.125605377679614,0.0
238.79598662207357,40.66309159875857,46.956144476876275,5.283138902967809,0.0,0.0,0.0,0.0,0.0,7.097625021397345,0.0
240.80267558528428,40.65011411726357,46.970476655833274,5.327391109727093,0.0,0.0,0.0,0.0,0.0,7.052018117176045,0.0
242.80936454849498,40.60503055638164,47.02697094202468,5.378294238758821,0.0,0.0,0.0,0.0,0.0,6.989704262834873,0.0
244.8160535117057,40.51508092551044,47.14032716739994,5.4268259936521135,0.0,0.0,0.0,0.0,0.0,6.917765913437532,0.0
246.8227424749164,40.381289335899446,47.300563799919026,5.468287802061156,0.0,0.0,0.0,0.0,0.0,6.849859062120379,0.0
248.8294314381271,40.220070274364076,47.473935052090454,5.503559608661802,0.0,0.0,0.0,0.0,0.0,6.80243506488367,0.0
250.83612040133778,40.05916258169278,47.61636323238372,5.537571183669621,0.0,0.0,0.0,0.0,0.0,6.786903002253865,0.0
252.8428093645485,39.929655362813804,47.693588212729274,5.574419656791087,0.0,0.0,0.0,0.0,0.0,6.802336767665851,0.0
254.8494983277592,39.855997399788066,47.69811385991839,5.612423945173319,0.0,0.0,0.0,0.0,0.0,6.833464795120251,0.0
256.8561872909699,39.845282998189255,47.65456329392104,5.6433219005841915,0.0,0.0,0.0,0.0,0.0,6.856831807305511,0.0
258.8628762541806,39.87970684506147,47.60973303088705,5.656892678949844,0.0,0.0,0.0,0.0,0.0,6.853667445101628,0.0
260.8695652173913,39.91887400865345,47.61141493186322,5.648346228234846,0.0,0.0,0.0,0.0,0.0,6.821364831248469,0.0
262.876254180602,39.913411530327174,47.6866577215176,5.62271192548521,0.0,0.0,0.0,0.0,0.0,6.777218822670009,0.0
264.8829431438127,39.82671681256282,47.83115561251515,5.593033691466253,0.0,0.0,0.0,0.0,0.0,6.749093883455785,0.0
266.88963210702343,39.6513585887669,48.01540328843493,5.5739913073612435,0.0,0.0,0.0,0.0,0.0,6.759246815436924,0.0
268.89632107023414,39.41228287473146,48.20158075811693,5.575836736926705,0.0,0.0,0.0,0.0,0.0,6.8102996302249,0.0
270.90301003344484,39.15582451022666,48.358887859336015,5.601344586463913,0.0,0.0,0.0,0.0,0.0,6.883943043973423,0.0
272.9096989966555,38.931688021245556,48.46993906998357,5.645763467137515,0.0,0.0,0.0,0.0,0.0,6.952609441633367,0.0
274.9163879598662,38.77721076431294,48.528420136950956,5.69840993706322,0.0,0.0,0.0,0.0,0.0,6.995959161672892,0.0
276.9230769230769,38.708689596292814,48.534831871638936,5.745144869715041,0.0,0.0,0.0,0.0,0.0,7.011333662353206,0.0
278.9297658862876,38.72070102105293,48.49588175832625,5.771954305059621,0.0,0.0,0.0,0.0,0.0,7.0114629155611965,0.0
280.9364548494983,38.793147660661994,48.425016238147215,5.768704031227885,0.0,0.0,0.0,0.0,0.0,7.013132069962892,0.0
282.943143812709,38.90185313546901,48.34037768229971,5.732530714982787,0.0,0.0,0.0,0.0,0.0,7.025238467248493,0.0
284.94983277591973,39.024863675419574,48.25999476867741,5.669011839594002,0.0,0.0,0.0,0.0,0.0,7.046129716309013,0.0
286.95652173913044,39.14328294236267,48.19654734434623,5.590674444848967,0.0,0.0,0.0,0.0,0.0,7.069495268442148,0.0
288.96321070234114,39.2382267161115,48.155392721412234,5.513909872599709,0.0,0.0,0.0,0.0,0.0,7.0924706898765635,0.0
290.96989966555185,39.28912402772398,48.13831715802446,5.454332118483234,0.0,0.0,0.0,0.0,0.0,7.118226695768344,0.0
292.97658862876256,39.27686914233848,48.14815418567955,5.422992678675116,0.0,0.0,0.0,0.0,0.0,7.151983993306856,0.0
294.98327759197326,39.19000659833712,48.190825322398716,5.423357698758169,0.0,0.0,0.0,0.0,0.0,7.195810380505996,0.0
296.98996655518397,39.03044505347604,48.27138559120387,5.450889002544108,0.0,0.0,0.0,0.0,0.0,7.2472803527759835,0.0
298.9966555183947,38.81648267936883,48.38658952235907,5.494888910234385,0.0,0.0,0.0,0.0,0.0,7.302038888037714,0.0
301.0033444816053,38.58284539653117,48.51906767206354,5.541784801213267,0.0,0.0,0.0,0.0,0.0,7.356302130192022,0.0
303.01003344481603,38.37658515784713,48.63980325948604,5.579050164002013,0.0,0.0,0.0,0.0,0.0,7.4045614186648026,0.0
305.01672240802674,38.24715200442289,48.718169724140466,5.598966724571735,0.0,0.0,0.0,0.0,0.0,7.435711546864907,0.0
307.02341137123744,38.23091574286998,48.73492711902098,5.6012787958042685,0.0,0.0,0.0,0.0,0.0,7.432878342304764,0.0
309.03010033444815,38.33442322581092,48.690342489962624,5.593231074367705,0.0,0.0,0.0,0.0,0.0,7.3820032098587465,0.0
311.03678929765886,38.52863898242083,48.60204121924217,5.585755780917659,0.0,0.0,0.0,0.0,0.0,7.283564017419346,0.0
313.04347826086956,38.75855554982888,48.49439149705763,5.588076350227912,0.0,0.0,0.0,0.0,0.0,7.158976602885575,0.0
315.05016722408027,38.96335943089462,48.38742440732944,5.603779609173675,0.0,0.0,0.0,0.0,0.0,7.045436552602252,0.0
317.056856187291,39.097544473366845,48.290939785321925,5.63044936788595,0.0,0.0,0.0,0.0,0.0,6.981066373425284,0.0
319.0635451505017,39.1416120585484,48.20722530579287,5.661685997844549,0.0,0.0,0.0,0.0,0.0,6.989476637814178,0.0
321.0702341137124,39.10088497890117,48.13764271397568,5.690543124764537,0.0,0.0,0.0,0.0,0.0,7.070929182358602,0.0
323.0769230769231,38.995342545927784,48.08824050044959,5.7121517322772135,0.0,0.0,0.0,0.0,0.0,7.204265221345418,0.0
325.0836120401338,38.84612436769953,48.071605072138496,5.724944038203357,0.0,0.0,0.0,0.0,0.0,7.357326521958616,0.0
327.0903010033445,38.66563797968928,48.1044896344134,5.730361942425248,0.0,0.0,0.0,0.0,0.0,7.499510443472062,0.0
329.09698996655516,38.456485701771754,48.20285874542367,5.7317011263622515,0.0,0.0,0.0,0.0,0.0,7.608954426442334,0.0
331.10367892976586,38.21615534788076,48.37741576834604,5.732802591711603,0.0,0.0,0.0,0.0,0.0,7.673626292061589,0.0
333.11036789297657,37.94369566789751,48.62945700094314,5.7372577727839085,0.0,0.0,0.0,0.0,0.0,7.689589558375447,0.0
335.1170568561873,37.64474394102852,48.9469384885947,5.748104722191153,0.0,0.0,0.0,0.0,0.0,7.66021284818563,0.0
337.123745819398,37.33365148999786,49.30250876566672,5.767298674611596,0.0,0.0,0.0,0.0,0.0,7.596541069723823,0.0
339.1304347826087,37.03390326969946,49.656642340829926,5.794380346542582,0.0,0.0,0.0,0.0,0.0,7.515074042928024,0.0
341.1371237458194,36.77663159489041,49.9655333747664,5.825552638678812,0.0,0.0,0.0,0.0,0.0,7.432282391664367,0.0
343.1438127090301,36.59559429297004,50.19268492578609,5.853664850261538,0.0,0.0,0.0,0.0,0.0,7.358055930982334,0.0
345.1505016722408,36.516585455462234,50.319359396919204,5.8709758907030505,0.0,0.0,0.0,0.0,0.0,7.293079256915494,0.0
347.1571906354515,36.54647556122697,50.34766470759441,5.872960750212999,0.0,0.0,0.0,0.0,0.0,7.2328989809656115,0.0
349.1638795986622,36.66838596207374,50.29508259448018,5.861297428972537,0.0,0.0,0.0,0.0,0.0,7.17523401447354,0.0
351.1705685618729,36.8466395798578,50.18423315410987,5.843477734654128,0.0,0.0,0.0,0.0,0.0,7.1256495313782,0.0
353.17725752508363,37.03864080367637,50.033696521663686,5.82886824160809,0.0,0.0,0.0,0.0,0.0,7.098794433051863,0.0
355.18394648829434,37.20470861003246,49.85782633771086,5.823270897732049,0.0,0.0,0.0,0.0,0.0,7.114194154524622,0.0
357.190635451505,37.31287605276419,49.67345021103838,5.825662214873352,0.0,0.0,0.0,0.0,0.0,7.188011521324077,0.0
359.1973244147157,37.33823583455526,49.50844378118951,5.829153223493506,0.0,0.0,0.0,0.0,0.0,7.3241671607617285,0.0
361.2040133779264,37.26445467372647,49.4014497979495,5.825371296063222,0.0,0.0,0.0,0.0,0.0,7.508724232260798,0.0
363.2107023411371,37.09066585873826,49.388747656231004,5.808971544663002,0.0,0.0,0.0,0.0,0.0,7.711614940367725,0.0
365.2173913043478,36.84068827951941,49.483777517232845,5.779159135821725,0.0,0.0,0.0,0.0,0.0,7.8963750674260025,0.0
367.2240802675585,36.56549826885789,49.66392598872903,5.738284838197514,0.0,0.0,0.0,0.0,0.0,8.032290904215564,0.0
369.2307692307692,36.331532562644036,49.875887541198956,5.690016673360889,0.0,0.0,0.0,0.0,0.0,8.102563222796109,0.0
371.23745819397993,36.196079862654486,50.060110641171164,5.63954216996841,0.0,0.0,0.0,0.0,0.0,8.10426732620594,0.0
373.24414715719064,36.18248313087819,50.17922932469063,5.5952908543783115,0.0,0.0,0.0,0.0,0.0,8.04299669005287,0.0
375.25083612040135,36.27035179524589,50.23307370049365,5.5695352037879715,0.0,0.0,0.0,0.0,0.0,7.927039300472496,0.0
377.25752508361205,36.40625593337233,50.252515599090984,5.575324285286375,0.0,0.0,0.0,0.0,0.0,7.765904182250318,0.0
379.26421404682276,36.52757938194528,50.27885471571152,5.620860553147688,0.0,0.0,0.0,0.0,0.0,7.572705349195523,0.0
381.27090301003346,36.58757141027536,50.34102176421279,5.704463510245895,0.0,0.0,0.0,0.0,0.0,7.3669433152659725,0.0
383.27759197324417,36.57022516231252,50.443540793089014,5.812507032979761,0.0,0.0,0.0,0.0,0.0,7.173727011618709,0.0
385.2842809364548,36.49147122030346,50.56825453610201,5.922032176627111,0.0,0.0,0.0,0.0,0.0,7.018242066967423,0.0
387.2909698996655,36.3892205100482,50.68540756306691,6.006856988592826,0.0,0.0,0.0,0.0,0.0,6.918514938292061,0.0
389.29765886287623,36.307396633829235,50.765229102745,6.045899009665572,0.0,0.0,0.0,0.0,0.0,6.881475253760199,0.0
391.30434782608694,36.28003223980302,50.78544878128491,6.030288650036004,0.0,0.0,0.0,0.0,0.0,6.904230328876065,0.0
393.31103678929765,36.31940006017161,50.73468310242306,5.967575067923576,0.0,0.0,0.0,0.0,0.0,6.97834176948176,0.0
395.31772575250835,36.412688055628365,50.61478968324869,5.880385509362167,0.0,0.0,0.0,0.0,0.0,7.092136751760794,0.0
397.32441471571906,36.527921371785155,50.44505513148459,5.799692822412913,0.0,0.0,0.0,0.0,0.0,7.2273306743173436,0.0
399.33110367892976,36.628328224587285,50.2613958060295,5.754559576691165,0.0,0.0,0.0,0.0,0.0,7.355716392692056,0.0
401.33779264214047,36.68986028885496,50.105997523019155,5.762660842549887,0.0,0.0,0.0,0.0,0.0,7.441481345575994,0.0
403.3444816053512,36.711078617737506,50.010610888943376,5.825331811030797,0.0,0.0,0.0,0.0,0.0,7.452978682288321,0.0
405.3511705685619,36.71060913191847,49.98180550192416,5.928137555150007,0.0,0.0,0.0,0.0,0.0,7.3794478110073625,0.0
407.3578595317726,36.71314138028655,49.99948703411998,6.046271528355513,0.0,0.0,0.0,0.0,0.0,7.241100057237951,0.0
409.3645484949833,36.73507121909539,50.028861952608516,6.152350237109718,0.0,0.0,0.0,0.0,0.0,7.08371659118637,0.0
411.371237458194,36.778042438519186,50.039672307197826,6.223851808851571,0.0,0.0,0.0,0.0,0.0,6.9584334454314085,0.0
413.3779264214047,36.83315186199344,50.018948372639436,6.248420072349022,0.0,0.0,0.0,0.0,0.0,6.8994796930181055,0.0
415.38461538461536,36.88867512985748,49.972738602779934,6.226307589011802,0.0,0.0,0.0,0.0,0.0,6.912278678350786,0.0
417.39130434782606,36.9320874628562,49.92036022345581,6.169601644804732,0.0,0.0,0.0,0.0,0.0,6.977950668883262,0.0
419.39799331103677,36.94763751034167,49.88605956147093,6.098554501645837,0.0,0.0,0.0,0.0,0.0,7.067748426541557,0.0
421.4046822742475,36.91434900291017,49.89293336837223,6.035487312915404,0.0,0.0,0.0,0.0,0.0,7.1572303158022015,0.0
423.4113712374582,36.81291712203709,49.956276014866454,5.998053786005627,0.0,0.0,0.0,0.0,0.0,7.2327530770908295,0.0
425.4180602006689,36.639045301704826,50.0762893045532,5.994628599674016,0.0,0.0,0.0,0.0,0.0,7.290036794067982,0.0
427.4247491638796,36.41364984735,50.23255492982436,6.023598333724395,0.0,0.0,0.0,0.0,0.0,7.330196889101237,0.0
429.4314381270903,36.17866827040693,50.388122979958084,6.0756380446122495,0.0,0.0,0.0,0.0,0.0,7.357570705022718,0.0
431.438127090301,35.97976880150788,50.50364596107241,6.137678277171268,0.0,0.0,0.0,0.0,0.0,7.378906960248442,0.0
433.4448160535117,35.846322826819,50.55576009118929,6.196913431018189,0.0,0.0,0.0,0.0,0.0,7.401003650973522,0.0
435.4515050167224,35.782426677077694,50.54749939226011,6.2436466484624935,0.0,0.0,0.0,0.0,0.0,7.426427282199713,0.0
437.4581939799331,35.772011748591545,50.50546473597354,6.273101462331332,0.0,0.0,0.0,0.0,0.0,7.4494220531036035,0.0
439.46488294314383,35.79413576970043,50.46447005096706,6.28503707417067,0.0,0.0,0.0,0.0,0.0,7.456357105161855,0.0
441.47157190635454,35.83510317851273,50.45037356546078,6.281954059985841,0.0,0.0,0.0,0.0,0.0,7.432569196040641,0.0
443.4782608695652,35.89098520843198,50.47226098682992,6.265647976515974,0.0,0.0,0.0,0.0,0.0,7.37110582822214,0.0
445.4849498327759,35.96200379245134,50.525726223772985,6.2356134834574775,0.0,0.0,0.0,0.0,0.0,7.276656500318203,0.0
447.4916387959866,36.045894735055704,50.60250596176179,6.189491346060718,0.0,0.0,0.0,0.0,0.0,7.1621079571218065,0.0
449.4983277591973,36.1356553896458,50.6980552253493,6.1265961844315076,0.0,0.0,0.0,0.0,0.0,7.039693200573399,0.0
451.505016722408,36.221587367836214,50.81264671934753,6.051076170779514,0.0,0.0,0.0,0.0,0.0,6.91468974203675,0.0
453.5117056856187,36.29575467131798,50.94556343190688,5.972446566756809,0.0,0.0,0.0,0.0,0.0,6.786235330018335,0.0
455.5183946488294,36.354201108821606,51.08818985015433,5.902410388944593,0.0,0.0,0.0,0.0,0.0,6.655198652079475,0.0
457.52508361204013,36.39542767099178,51.22217499037234,5.85034175215174,0.0,0.0,0.0,0.0,0.0,6.532055586484134,0.0
459.53177257525084,36.41521094582762,51.3270894591699,5.8201052951094,0.0,0.0,0.0,0.0,0.0,6.437594299893075,0.0
461.53846153846155,36.39938639319421,51.395182206204325,5.810394854239763,0.0,0.0,0.0,0.0,0.0,6.3950365463617,0.0
463.54515050167225,36.321190495002284,51.443369670789274,5.816956305043329,0.0,0.0,0.0,0.0,0.0,6.41848352916512,0.0
465.55183946488296,36.14779509693641,51.511266256428016,5.833912884676471,0.0,0.0,0.0,0.0,0.0,6.507025761959112,0.0
467.55852842809367,35.85844523205068,51.6417130678447,5.853100751871495,0.0,0.0,0.0,0.0,0.0,6.646740948233132,0.0
469.5652173913044,35.46382637791351,51.855673788842026,5.863654661979708,0.0,0.0,0.0,0.0,0.0,6.816845171264739,0.0
471.571906354515,35.015076399468654,52.13630494666174,5.854368468284521,0.0,0.0,0.0,0.0,0.0,6.994250185585092,0.0
473.5785953177257,34.59184928884468,52.433726143904366,5.818988531713674,0.0,0.0,0.0,0.0,0.0,7.155436035537277,0.0
475.58528428093643,34.27532000295884,52.684870382439776,5.760993986739116,0.0,0.0,0.0,0.0,0.0,7.278815627862259,0.0
477.59197324414714,34.119001657980654,52.83641297610322,5.693726570533741,0.0,0.0,0.0,0.0,0.0,7.350858795382391,0.0
479.59866220735785,34.133646247748004,52.85802564543258,5.63551538836079,0.0,0.0,0.0,0.0,0.0,7.372812718458606,0.0
481.60535117056855,34.28924165239631,52.74666376146207,5.601972035279058,0.0,0.0,0.0,0.0,0.0,7.362122550862581,0.0
483.61204013377926,34.53201669707687,52.523152644108336,5.599872770811956,0.0,0.0,0.0,0.0,0.0,7.344957888002838,0.0
485.61872909698997,34.806462922436886,52.22538821410975,5.625939061318746,0.0,0.0,0.0,0.0,0.0,7.342209802134622,0.0
487.6254180602007,35.07787118690218,51.89422869390158,5.669346181951018,0.0,0.0,0.0,0.0,0.0,7.3585539372452216,0.0
489.6321070234114,35.34791275016176,51.55485791097004,5.716480463180302,0.0,0.0,0.0,0.0,0.0,7.380748875687891,0.0
491.6387959866221,35.657417440235974,51.20157990572744,5.754875220487399,0.0,0.0,0.0,0.0,0.0,7.386127433549188,0.0
493.6454849498328,36.0696414727146,50.79853995500472,5.776177841913273,0.0,0.0,0.0,0.0,0.0,7.355640730367405,0.0
495.6521739130435,36.633009788714716,50.30420092377138,5.7781798114914205,0.0,0.0,0.0,0.0,0.0,7.2846094760224815,0.0
497.6588628762542,37.33799216195829,49.70938210696878,5.766380299434543,0.0,0.0,0.0,0.0,0.0,7.1862454316383895,0.0
499.66555183946485,38.09724727159768,49.06319313526094,5.752948794780001,0.0,0.0,0.0,0.0,0.0,7.086610798361384,0.0
501.67224080267556,38.75900797919113,48.474107020728304,5.7528724911508515,0.0,0.0,0.0,0.0,0.0,7.014012508929725,0.0
503.67892976588627,39.15030331596352,48.08285456262257,5.778225792873952,0.0,0.0,0.0,0.0,0.0,6.988616328539954,0.0
505.685618729097,39.11670319716327,48.03242102463556,5.833724425415855,0.0,0.0,0.0,0.0,0.0,7.017151352785329,0.0
507.6923076923077,38.53102609840656,48.452281380545166,5.916183607308844,0.003745488488548048,0.0009416361837502758,0.0,0.0,0.0,7.095821789067129,0.0
509.6989966555184,37.27349759378955,49.46686593747424,6.0198339456779815,0.017505008546499872,0.004360823406277169,0.0,0.0,0.0,7.217936691105447,0.0
511.7056856187291,35.215180022552126,51.18477099498029,6.141099455135254,0.06137515116342608,0.01527971812770002,0.0,0.0,0.0,7.382294658041205,0.0
513.7123745819398,32.244340770220944,53.64884778144693,6.279065803299866,0.18664229997749462,0.04637334676788188,0.0,0.0,0.0,7.594729998286896,0.0
515.7190635451504,28.348423435489856,56.733572026385474,6.427953873026286,0.5035875613433536,0.12496554912981638,0.0,0.0,0.0,7.861497554625213,0.0
517.7257525083612,23.703625299730074,60.03627680468958,6.56523742404603,1.2154272474007433,0.301235054502013,0.0,0.0,0.0,8.178198169631546,0.0
519.7324414715719,18.692319971572406,62.848607162949364,6.644614501941779,2.6369247183688262,0.652744707817515,0.0,0.0,0.0,8.524788937350106,0.0
521.7391304347826,13.808714335918209,64.26681433769082,6.601541943770369,5.172464275641606,1.2786447489678,0.0,0.0,0.0,8.871820358011176,0.0
523.7458193979933,9.504756619973213,63.42246237424784,6.3706343718214296,9.230255949700087,2.2786896901753546,0.0,0.0,0.0,9.193200994082073,0.0
525.752508361204,6.06653574064522,59.75503898192244,5.908159360575374,15.076884277224217,3.717422979137715,0.0,0.0,0.0,9.475958660495037,0.0
527.7591973244147,3.573497717459108,53.23811011348387,5.212270841804516,22.66812546156395,5.583525681976414,0.001330449379601566,0.00039066319342309327,0.0018191812930399916,9.720929889846069,0.0
529.7658862876254,1.9333651784625565,44.47057911741721,4.332801575480278,31.5460219363039,7.76596351178572,0.006100302913683895,0.0018477779125508924,0.008240639125945302,9.935079960598157,0.0
531.7725752508361,0.9563436480866512,34.56382755299062,3.3644169097825456,40.87214431900106,10.06347369609886,0.021367409004427296,0.006538795342761877,0.028777281981775094,10.123110387711316,0.0
533.7792642140469,0.43058022766232523,24.829681132598903,2.4216494708096463,49.62722474803467,12.233423170616346,0.06530375057341313,0.020151007536287447,0.08789580172301532,10.284090690445387,0.0
535.7859531772575,0.17569290620398254,16.390396329772454,1.6048934768898786,56.88159582373412,14.055364703612591,0.17881263223078456,0.05545339292687627,0.24024756151995383,10.41754317310934,0.0
537.7926421404683,0.06466500168822549,9.891350304220666,0.9736010290871455,61.98845837637169,15.373459422298156,0.4413184804746232,0.13768103574873464,0.5922920458682885,10.537174304242466,0.0
539.7993311036789,0.02124311305124007,5.432870155512257,0.537926344535247,64.61031575585602,16.098484505305738,0.9845663415400311,0.3091348663235057,1.3198231758822387,10.68563574199372,0.0
541.8060200668897,0.006099804134862854,2.7056924569213674,0.2695597174462224,64.61780214478424,16.18261810145106,1.9886773546030838,0.6286589457535047,2.6629998837322106,10.93789159117345,0.0
543.8127090301003,0.0013571285681431365,1.2182941361904882,0.12212630157883149,61.990234525925366,15.60028234587833,3.645127648496773,1.1604304841640105,4.877162841394147,11.384984587803903,0.0
545.819397993311,0.0,0.49482880709868693,0.04988416350656733,56.82575855180809,14.359117504318691,6.083991347291667,1.9508254572147914,8.13682983150228,12.098764337259208,0.0
547.8260869565217,0.0,0.18051051434719895,0.01830519685521381,49.45522217528208,12.534674047243243,9.290875752269937,3.000610754071209,12.427190912339045,13.092610647592068,0.0
549.8327759197324,0.0,0.05881609335110694,0.00599902966992832,40.545852914386614,10.29716963089127,13.059799114203766,4.247625374912377,17.483639252990162,14.301098589594789,0.0
551.8394648829432,0.0,0.016644042770050573,0.0017232360062823652,31.066918639743374,7.899061555768849,17.020456185473915,5.57323006872268,22.827907207581653,15.594059063933189,0.5066304981751181
553.8461538461538,0.0,0.0035801696124168397,0.00038214229055452285,22.083398174752205,5.618120226450075,20.740216309703495,6.83467286526976,27.89923848554293,16.820391626378566,0.07804754170784686
555.8528428093646,0.0,0.0,0.0,14.469526149988946,3.6818370064338004,23.856936080193357,7.9092224178663875,32.22254725092875,17.859931094588774,0.0021290267225554022
557.8595317725752,0.0,0.0,0.0,8.691208568045663,2.211484452594244,26.179994245210864,8.728527083705046,35.53267452997158,18.656111120472602,1.206891522546473
559.866220735786,0.0,0.0,0.0,4.764948752901607,1.2123053356687832,27.715722980448575,9.287334951896877,37.803319299694884,19.21636867938927,0.027145589906917535
561.8729096989966,0.0,0.0,0.0,2.375913467696558,0.6043809724600107,28.618570265982928,9.626620981265328,39.1872275244521,19.587286788143086,0.11276401160219003
563.8795986622074,0.0,0.0,0.0,1.0740765089768491,0.2731857288369027,29.105592081976166,9.805421017116231,39.917831564741356,19.82389309835249,0.41448927160608867
565.886287625418,0.0,0.0,0.0,0.4389256292932669,0.11162106721743947,29.377202777441685,9.878539404070679,40.224503076919994,19.969208045056934,0.7473438644472019
567.8929765886288,0.0,0.0,0.0,0.16145974864117962,0.04105244687588388,29.57121393702919,9.88786838164248,40.289252872895695,20.049152612915567,1.4965064287223628
569.8996655518395,0.0,0.0,0.0,0.0530650417451204,0.013472638955805324,29.752750713521177,9.864480182729556,40.237861256763445,20.0783701662849,0.20419057090650103
571.9063545150501,0.0,0.0,0.0,0.015136792982154028,0.003854312312633297,29.92977324149382,9.83292290787071,40.15009060327006,20.068222142070642,0.7914424549452164
573.9130434782609,0.0,0.0,0.0,0.0033128095667926912,0.0008387059242351538,30.081185349884088,9.811865457097795,40.07053175789762,20.032265919629484,0.7546863850298872
575.9197324414715,0.0,0.0,0.0,0.0,0.0,30.185194476484632,9.811573395610031,40.017288126897206,19.98594400100814,0.267247868668063
577.9264214046823,0.0,0.0,0.0,0.0,0.0,30.237066284656976,9.832716210397876,39.987716912226645,19.9425005927185,1.0859660591441032
579.9331103678929,0.0,0.0,0.0,0.0,0.0,30.252788295303944,9.870006695111135,39.967585728474646,19.90961928111027,0.03462779701053062
581.9397993311037,0.0,0.0,0.0,0.0,0.0,30.256421009592,9.917892560611406,39.937160576504276,19.888525853292315,0.4480909931151977
583.9464882943143,0.0,0.0,0.0,0.0,0.0,30.26639059462054,9.975475075386909,39.880736397520195,19.877397932472352,0.3535161937642432
585.9531772575251,0.0,0.0,0.0,0.0,0.0,30.286584511987126,10.04604095864418,39.79282090520424,19.874553624164456,0.000658062920914316
587.9598662207358,0.0,0.0,0.0,0.0,0.0,30.309073805179885,10.132366314827037,39.678893327533395,19.879666552459675,0.17073711567201344
589.9665551839465,0.0,0.0,0.0,0.0,0.0,30.323306317319386,10.232409384763073,39.55267254896911,19.891611748948428,0.46389081529537984
591.9732441471572,0.0,0.0,0.0,0.0,0.0,30.325100725228765,10.338793058659979,39.42863601817711,19.90747019793415,0.5180277577966069
593.9799331103679,0.0,0.0,0.0,0.0,0.0,30.318378910876444,10.441441907067505,39.31743192735541,19.922747254700642,0.45083318073392037
595.9866220735786,0.0,0.0,0.0,0.0,0.0,30.310512371557557,10.53053329157539,39.22538463597052,19.933569700896538,0.25130735380586633
597.9933110367894,0.0,0.0,0.0,0.0,0.0,30.306418827624558,10.597225515281638,39.15766016057521,19.93869549651859,0.09701727138483436
600.0,0.0,0.0,0.0,0.0,0.0,30.305786764635855,10.633345768444435,39.120845642726124,19.940021824193593,0.34887182887479395
