time,temperature,spalling_events,acoustic_intensity,visual_intensity,total_spalling_events,mix_name,rubber_content
0.0,0.0,0.0,32.5938757892731,-1.2,7.0,Low_Rubber,20
0.10008340283569642,0.5004170141784821,0.0,25.87732889538482,-1.1759799833194329,7.0,Low_Rubber,20
0.20016680567139283,1.0008340283569641,0.0,25.841307896526082,-1.1519599666388658,7.0,Low_Rubber,20
0.3002502085070893,1.5012510425354464,0.0,20.803804068754093,-1.1279399499582985,7.0,Low_Rubber,20
0.40033361134278567,2.0016680567139282,0.0,26.535716136979865,-1.1039199332777316,7.0,Low_Rubber,20
0.5004170141784821,2.5020850708924103,0.0,17.668561150797586,-1.0798999165971643,7.0,Low_Rubber,20
0.6005004170141786,3.002502085070893,0.0,22.42097496602945,-1.055879899916597,7.0,Low_Rubber,20
0.700583819849875,3.502919099249375,0.0,22.28798243907328,-1.03185988323603,7.0,Low_Rubber,20
0.8006672226855713,4.0033361134278564,0.0,36.68893624151861,-1.0078398665554629,7.0,Low_Rubber,20
0.9007506255212677,4.5037531276063385,0.0,33.36265547187584,-0.9838198498748958,7.0,Low_Rubber,20
1.0008340283569641,5.004170141784821,0.0,33.5698331810367,-0.9597998331943287,7.0,Low_Rubber,20
1.1009174311926606,5.5045871559633035,0.0,26.614912316009285,-0.9357798165137614,7.0,Low_Rubber,20
1.2010008340283571,6.005004170141786,0.0,33.065614683427135,-0.9117597998331943,7.0,Low_Rubber,20
1.3010842368640534,6.505421184320267,0.0,30.47993407363461,-0.8877397831526272,7.0,Low_Rubber,20
1.40116763969975,7.00583819849875,0.0,24.578462640167228,-0.86371976647206,7.0,Low_Rubber,20
1.5012510425354462,7.506255212677231,0.0,27.526294300071328,-0.8396997497914929,7.0,Low_Rubber,20
1.6013344453711427,8.006672226855713,0.0,36.11087366172894,-0.8156797331109258,7.0,Low_Rubber,20
1.7014178482068392,8.507089241034196,0.0,20.894005429451095,-0.7916597164303587,7.0,Low_Rubber,20
1.8015012510425354,9.007506255212677,0.0,24.459893091128556,-0.7676396997497915,7.0,Low_Rubber,20
1.901584653878232,9.50792326939116,0.0,26.13129862862257,-0.7436196830692243,7.0,Low_Rubber,20
2.0016680567139282,10.008340283569641,0.0,27.346927510450307,-0.7195996663886572,7.0,Low_Rubber,20
2.1017514595496247,10.508757297748124,0.0,25.31905443453354,-0.69557964970809,7.0,Low_Rubber,20
2.2018348623853212,11.009174311926607,0.0,34.09456484269569,-0.6715596330275229,7.0,Low_Rubber,20
2.3019182652210177,11.509591326105088,0.0,33.99497994189678,-0.6475396163469558,7.0,Low_Rubber,20
2.4020016680567142,12.010008340283571,0.0,22.804031520749295,-0.6235195996663886,7.0,Low_Rubber,20
2.5020850708924103,12.51042535446205,0.0,22.381653201357334,-0.5994995829858216,7.0,Low_Rubber,20
2.602168473728107,13.010842368640533,0.0,39.20066453488343,-0.5754795663052543,7.0,Low_Rubber,20
2.7022518765638033,13.511259382819016,0.0,32.70366892954506,-0.5514595496246872,7.0,Low_Rubber,20
2.8023352793995,14.0116763969975,0.0,30.848904977201038,-0.52743953294412,7.0,Low_Rubber,20
2.9024186822351963,14.512093411175982,0.0,22.59267475713752,-0.5034195162635529,7.0,Low_Rubber,20
3.0025020850708923,15.012510425354462,0.0,26.904361309459937,-0.47939949958298583,7.0,Low_Rubber,20
3.102585487906589,15.512927439532945,0.0,25.965802456093925,-0.45537948290241864,7.0,Low_Rubber,20
3.2026688907422853,16.013344453711426,0.0,27.39428001223716,-0.43135946622185156,7.0,Low_Rubber,20
3.302752293577982,16.51376146788991,0.0,30.75632320899228,-0.4073394495412843,7.0,Low_Rubber,20
3.4028356964136783,17.01417848206839,0.0,30.532557210658766,-0.3833194328607172,7.0,Low_Rubber,20
3.5029190992493744,17.514595496246873,0.0,32.38677448227257,-0.35929941618015016,7.0,Low_Rubber,20
3.603002502085071,18.015012510425354,0.0,43.28863020327092,-0.335279399499583,7.0,Low_Rubber,20
3.7030859049207674,18.51542952460384,0.0,30.289431082673477,-0.3112593828190158,7.0,Low_Rubber,20
3.803169307756464,19.01584653878232,0.0,19.415431511890326,-0.28723936613844864,7.0,Low_Rubber,20
3.9032527105921604,19.5162635529608,0.0,32.46181295545875,-0.26321934945788156,7.0,Low_Rubber,20
4.0033361134278564,20.016680567139282,0.0,33.08188250596022,-0.23919933277731445,7.0,Low_Rubber,20
4.103419516263553,20.517097581317767,0.0,29.441153776828905,-0.21517931609674718,7.0,Low_Rubber,20
4.2035029190992494,21.017514595496248,0.0,25.99731088665884,-0.1911592994161801,7.0,Low_Rubber,20
4.3035863219349455,21.517931609674726,0.0,18.704785231459653,-0.16713928273561318,7.0,Low_Rubber,20
4.4036697247706424,22.018348623853214,0.0,18.185996839621666,-0.14311926605504574,7.0,Low_Rubber,20
4.5037531276063385,22.51876563803169,0.0,25.986915011240878,-0.11909924937447881,7.0,Low_Rubber,20
4.6038365304420354,23.019182652210176,0.0,21.813282857968947,-0.09507923269391154,7.0,Low_Rubber,20
4.7039199332777315,23.519599666388658,0.0,31.59641699927466,-0.07105921601334443,7.0,Low_Rubber,20
4.8040033361134284,24.020016680567142,0.0,32.24763545385182,-0.04703919933277717,7.0,Low_Rubber,20
4.9040867389491245,24.520433694745623,0.0,35.865423177236906,-0.02301918265221008,7.0,Low_Rubber,20
5.004170141784821,25.0208507089241,0.0,28.276793531110815,0.0010008340283568487,7.0,Low_Rubber,20
5.1042535446205175,25.52126772310259,0.0,28.293281872261552,0.025020850708924285,7.0,Low_Rubber,20
5.204336947456214,26.021684737281067,0.0,28.627510457011358,0.04904086738949121,7.0,Low_Rubber,20
5.3044203502919105,26.52210175145955,0.0,29.735819075606077,0.07306088407005848,7.0,Low_Rubber,20
5.404503753127607,27.022518765638033,0.0,39.8567098210584,0.09708090075062557,7.0,Low_Rubber,20
5.504587155963303,27.522935779816514,0.0,33.94500432281834,0.12110091743119268,7.0,Low_Rubber,20
5.604670558799,28.023352793995,0.0,31.4451671087281,0.14512093411175994,7.0,Low_Rubber,20
5.704753961634696,28.523769808173476,0.0,32.33788162459709,0.16914095079232686,7.0,Low_Rubber,20
5.804837364470393,29.024186822351965,0.0,31.178652983901998,0.19316096747289432,7.0,Low_Rubber,20
5.904920767306089,29.524603836530442,0.0,33.39536235584039,0.21718098415346124,7.0,Low_Rubber,20
6.005004170141785,30.025020850708923,0.0,36.293725828062655,0.24120100083402832,7.0,Low_Rubber,20
6.105087572977482,30.525437864887408,0.0,36.85429208396478,0.2652210175145956,7.0,Low_Rubber,20
6.205170975813178,31.02585487906589,0.0,30.253519872034754,0.28924103419516267,7.0,Low_Rubber,20
6.305254378648875,31.526271893244374,0.0,29.07025843662053,0.31326105087573,7.0,Low_Rubber,20
6.405337781484571,32.02668890742285,0.0,32.22040506804737,0.3372810675562969,7.0,Low_Rubber,20
6.505421184320267,32.52710592160133,0.0,28.936752946051524,0.361301084236864,7.0,Low_Rubber,20
6.605504587155964,33.02752293577982,0.0,29.616897015845264,0.38532110091743144,7.0,Low_Rubber,20
6.70558798999166,33.527939949958295,0.0,23.176054750605996,0.4093411175979982,7.0,Low_Rubber,20
6.805671392827357,34.02835696413678,0.0,32.74706858641014,0.4333611342785656,7.0,Low_Rubber,20
6.905754795663053,34.528773978315265,0.0,33.51043668294,0.4573811509591327,7.0,Low_Rubber,20
7.005838198498749,35.029190992493746,0.0,28.617019025564787,0.4814011676396998,7.0,Low_Rubber,20
7.105921601334446,35.52960800667223,0.0,32.59004802327881,0.5054211843202668,7.0,Low_Rubber,20
7.206005004170142,36.03002502085071,0.0,33.22157501614233,0.529441201000834,7.0,Low_Rubber,20
7.306088407005839,36.530442035029196,0.0,35.524378535761755,0.5534612176814013,7.0,Low_Rubber,20
7.406171809841535,37.03085904920768,0.0,30.08587990140278,0.5774812343619685,7.0,Low_Rubber,20
7.506255212677231,37.53127606338615,0.0,30.56414389074621,0.6015012510425353,7.0,Low_Rubber,20
7.606338615512928,38.03169307756464,0.0,24.605754848321208,0.6255212677231028,7.0,Low_Rubber,20
7.706422018348624,38.53211009174312,0.0,19.721912908538194,0.6495412844036698,7.0,Low_Rubber,20
7.806505421184321,39.0325271059216,0.0,27.963173991183307,0.673561301084237,7.0,Low_Rubber,20
7.906588824020017,39.53294412010008,0.0,25.688735084177374,0.697581317764804,7.0,Low_Rubber,20
8.006672226855713,40.033361134278564,0.0,28.48382227396581,0.7216013344453711,7.0,Low_Rubber,20
8.10675562969141,40.533778148457046,0.0,33.34783701644794,0.7456213511259382,7.0,Low_Rubber,20
8.206839032527107,41.034195162635534,0.0,36.18532788330178,0.7696413678065056,7.0,Low_Rubber,20
8.306922435362802,41.53461217681401,0.0,32.055252443017395,0.7936613844870725,7.0,Low_Rubber,20
8.407005838198499,42.035029190992496,0.0,26.500692359444976,0.8176814011676398,7.0,Low_Rubber,20
8.507089241034196,42.53544620517098,0.0,37.88255528831406,0.841701417848207,7.0,Low_Rubber,20
8.607172643869891,43.03586321934945,0.0,30.87112535846338,0.8657214345287737,7.0,Low_Rubber,20
8.707256046705588,43.53628023352794,0.0,28.136384851216533,0.8897414512093411,7.0,Low_Rubber,20
8.807339449541285,44.03669724770643,0.0,24.956216179824732,0.9137614678899085,7.0,Low_Rubber,20
8.907422852376982,44.53711426188491,0.0,30.094885714754632,0.9377814845704756,7.0,Low_Rubber,20
9.007506255212677,45.03753127606338,0.0,48.17732431901623,0.9618015012510425,7.0,Low_Rubber,20
9.107589658048374,45.53794829024187,0.0,29.812167205712655,0.9858215179316099,7.0,Low_Rubber,20
9.207673060884071,46.03836530442035,0.0,35.026676864187266,1.009841534612177,7.0,Low_Rubber,20
9.307756463719766,46.538782318598834,0.0,32.10449292166506,1.033861551292744,7.0,Low_Rubber,20
9.407839866555463,47.039199332777315,0.0,30.373944017862588,1.0578815679733111,7.0,Low_Rubber,20
9.50792326939116,47.539616346955796,0.0,22.13889172387195,1.0819015846538782,7.0,Low_Rubber,20
9.608006672226857,48.040033361134284,0.0,35.397856542900485,1.1059216013344455,7.0,Low_Rubber,20
9.708090075062552,48.54045037531276,0.0,29.4466565320614,1.1299416180150124,7.0,Low_Rubber,20
9.808173477898249,49.04086738949125,0.0,27.643515394730194,1.1539616346955799,7.0,Low_Rubber,20
9.908256880733946,49.54128440366973,0.0,34.94454836341684,1.177981651376147,7.0,Low_Rubber,20
10.008340283569641,50.0417014178482,0.0,30.13044054865115,1.2020016680567138,7.0,Low_Rubber,20
10.108423686405338,50.54211843202669,0.0,27.007998069243108,1.2260216847372811,7.0,Low_Rubber,20
10.208507089241035,51.04253544620518,0.0,28.326075998062446,1.2500417014178486,7.0,Low_Rubber,20
10.30859049207673,51.54295246038365,0.0,34.13393692287841,1.2740617180984155,7.0,Low_Rubber,20
10.408673894912427,52.043369474562134,0.0,24.596583853774586,1.2980817347789824,7.0,Low_Rubber,20
10.508757297748124,52.54378648874062,0.0,26.484398113406595,1.32210175145955,7.0,Low_Rubber,20
10.608840700583821,53.0442035029191,0.0,34.16592288191998,1.346121768140117,7.0,Low_Rubber,20
10.708924103419516,53.544620517097584,0.0,32.23470172740398,1.370141784820684,7.0,Low_Rubber,20
10.809007506255213,54.045037531276066,0.0,36.30734741944043,1.3941618015012511,7.0,Low_Rubber,20
10.90909090909091,54.54545454545455,0.0,28.840468023801648,1.4181818181818184,7.0,Low_Rubber,20
11.009174311926605,55.04587155963303,0.0,27.239603142873825,1.4422018348623855,7.0,Low_Rubber,20
11.109257714762302,55.54628857381151,0.0,30.943788399062438,1.4662218515429524,7.0,Low_Rubber,20
11.209341117598,56.04670558799,0.0,31.3977238685339,1.49024186822352,7.0,Low_Rubber,20
11.309424520433694,56.54712260216847,0.0,35.979298182473656,1.5142618849040865,7.0,Low_Rubber,20
11.409507923269391,57.04753961634695,0.0,30.284388876324982,1.5382819015846538,7.0,Low_Rubber,20
11.509591326105088,57.54795663052544,0.0,26.225036056068536,1.5623019182652211,7.0,Low_Rubber,20
11.609674728940785,58.04837364470393,0.0,30.173277483259575,1.5863219349457887,7.0,Low_Rubber,20
11.70975813177648,58.5487906588824,0.0,31.554495808083313,1.6103419516263555,7.0,Low_Rubber,20
11.809841534612177,59.049207673060884,0.0,34.34648542084176,1.6343619683069224,7.0,Low_Rubber,20
11.909924937447874,59.54962468723937,0.0,31.835680806412867,1.65838198498749,7.0,Low_Rubber,20
12.01000834028357,60.05004170141785,0.0,26.6930883870609,1.6824020016680565,7.0,Low_Rubber,20
12.110091743119266,60.550458715596335,0.0,41.958514157582314,1.706422018348624,7.0,Low_Rubber,20
12.210175145954963,61.050875729774816,0.0,38.831809238372514,1.7304420350291911,7.0,Low_Rubber,20
12.310258548790658,61.55129274395329,0.0,26.48514578757075,1.754462051709758,7.0,Low_Rubber,20
12.410341951626355,62.05170975813178,0.0,36.83993544391256,1.7784820683903255,7.0,Low_Rubber,20
12.510425354462052,62.55212677231026,0.0,34.7093952943032,1.8025020850708924,7.0,Low_Rubber,20
12.61050875729775,63.05254378648875,0.0,29.092224638878115,1.82652210175146,7.0,Low_Rubber,20
12.710592160133444,63.55296080066722,0.0,31.853121939633695,1.8505421184320265,7.0,Low_Rubber,20
12.810675562969141,64.0533778148457,0.0,38.385265607144,1.8745621351125938,7.0,Low_Rubber,20
12.910758965804838,64.55379482902418,0.0,33.7703947491336,1.898582151793161,7.0,Low_Rubber,20
13.010842368640533,65.05421184320267,0.0,36.035162484864394,1.922602168473728,7.0,Low_Rubber,20
13.11092577147623,65.55462885738115,0.0,29.189543768359023,1.9466221851542953,7.0,Low_Rubber,20
13.211009174311927,66.05504587155964,0.0,32.62966873446177,1.9706422018348628,7.0,Low_Rubber,20
13.311092577147624,66.55546288573812,0.0,30.961151002647778,1.9946622185154297,7.0,Low_Rubber,20
13.41117597998332,67.05587989991659,0.0,23.03651969508867,2.018682235195996,7.0,Low_Rubber,20
13.511259382819016,67.55629691409509,0.0,42.70367039677537,2.0427022518765643,7.0,Low_Rubber,20
13.611342785654713,68.05671392827357,0.0,28.44358295162845,2.066722268557131,7.0,Low_Rubber,20
13.711426188490409,68.55713094245205,0.0,33.82092256759181,2.0907422852376985,7.0,Low_Rubber,20
13.811509591326105,69.05754795663053,0.0,40.224417547968,2.1147623019182653,7.0,Low_Rubber,20
13.911592994161802,69.55796497080901,0.0,33.554141039577026,2.1387823185988326,7.0,Low_Rubber,20
14.011676396997498,70.05838198498749,0.0,33.50301380729822,2.1628023352794,7.0,Low_Rubber,20
14.111759799833195,70.55879899916597,0.0,33.31852763827821,2.1868223519599668,7.0,Low_Rubber,20
14.211843202668891,71.05921601334445,0.0,33.447274136351226,2.210842368640534,7.0,Low_Rubber,20
14.311926605504588,71.55963302752295,0.0,40.31442735298705,2.2348623853211014,7.0,Low_Rubber,20
14.412010008340284,72.06005004170142,0.0,36.773665568114005,2.258882402001668,7.0,Low_Rubber,20
14.51209341117598,72.5604670558799,0.0,33.89937404816244,2.282902418682235,7.0,Low_Rubber,20
14.612176814011677,73.06088407005839,0.0,36.47530762419048,2.306922435362803,7.0,Low_Rubber,20
14.712260216847373,73.56130108423686,0.0,28.981596775556085,2.3309424520433693,7.0,Low_Rubber,20
14.81234361968307,74.06171809841535,0.0,37.84352638585996,2.354962468723937,7.0,Low_Rubber,20
14.912427022518767,74.56213511259384,0.0,34.68214405099952,2.3789824854045043,7.0,Low_Rubber,20
15.012510425354462,75.0625521267723,0.0,32.0771272798599,2.4030025020850707,7.0,Low_Rubber,20
15.112593828190159,75.5629691409508,0.0,38.365807202864055,2.4270225187656385,7.0,Low_Rubber,20
15.212677231025856,76.06338615512928,0.0,37.30811741108707,2.4510425354462058,7.0,Low_Rubber,20
15.312760633861553,76.56380316930776,0.0,43.559533920366945,2.4750625521267726,7.0,Low_Rubber,20
15.412844036697248,77.06422018348624,0.0,39.46716465652816,2.49908256880734,7.0,Low_Rubber,20
15.512927439532945,77.56463719766472,0.0,42.38114899204318,2.523102585487907,7.0,Low_Rubber,20
15.613010842368642,78.0650542118432,0.0,33.53467370118007,2.547122602168474,7.0,Low_Rubber,20
15.713094245204337,78.56547122602169,0.0,38.91798300733336,2.571142618849041,7.0,Low_Rubber,20
15.813177648040034,79.06588824020017,0.0,28.49115416096053,2.595162635529608,7.0,Low_Rubber,20
15.91326105087573,79.56630525437865,0.0,38.59946984708765,2.619182652210175,7.0,Low_Rubber,20
16.013344453711426,80.06672226855713,0.0,41.31444598939642,2.643202668890742,7.0,Low_Rubber,20
16.113427856547123,80.56713928273561,0.0,36.877631122324786,2.6672226855713093,7.0,Low_Rubber,20
16.21351125938282,81.06755629691409,0.0,36.48367651649433,2.6912427022518766,7.0,Low_Rubber,20
16.313594662218517,81.56797331109259,0.0,36.72793768270714,2.7152627189324443,7.0,Low_Rubber,20
16.413678065054214,82.06839032527107,0.0,33.291804214721935,2.739282735613011,7.0,Low_Rubber,20
16.51376146788991,82.56880733944955,0.0,35.93551184005025,2.7633027522935785,7.0,Low_Rubber,20
16.613844870725604,83.06922435362802,0.0,35.2292873743242,2.787322768974145,7.0,Low_Rubber,20
16.7139282735613,83.5696413678065,0.0,33.34818600838446,2.811342785654712,7.0,Low_Rubber,20
16.814011676396998,84.07005838198499,0.0,27.098173661153155,2.83536280233528,7.0,Low_Rubber,20
16.914095079232695,84.57047539616347,0.0,37.641014025983665,2.859382819015847,7.0,Low_Rubber,20
17.01417848206839,85.07089241034195,0.0,31.324870786801434,2.883402835696414,7.0,Low_Rubber,20
17.11426188490409,85.57130942452045,0.0,45.81186610713597,2.9074228523769814,7.0,Low_Rubber,20
17.214345287739782,86.0717264386989,0.0,34.117736717047215,2.9314428690575474,7.0,Low_Rubber,20
17.31442869057548,86.5721434528774,0.0,27.409323824598875,2.955462885738115,7.0,Low_Rubber,20
17.414512093411176,87.07256046705588,0.0,31.52360818721813,2.979482902418682,7.0,Low_Rubber,20
17.514595496246873,87.57297748123436,0.0,37.29766336557177,3.0035029190992493,7.0,Low_Rubber,20
17.61467889908257,88.07339449541286,0.0,30.10708506019905,3.027522935779817,7.0,Low_Rubber,20
17.714762301918267,88.57381150959134,0.0,39.50603639452379,3.0515429524603843,7.0,Low_Rubber,20
17.814845704753964,89.07422852376982,0.0,35.25649579131767,3.075562969140951,7.0,Low_Rubber,20
17.914929107589657,89.57464553794829,0.0,34.10998741723373,3.0995829858215176,7.0,Low_Rubber,20
18.015012510425354,90.07506255212677,0.0,34.84428097929965,3.123603002502085,7.0,Low_Rubber,20
18.11509591326105,90.57547956630526,0.0,38.63839679234064,3.1476230191826526,7.0,Low_Rubber,20
18.215179316096748,91.07589658048374,0.0,36.32767903272917,3.17164303586322,7.0,Low_Rubber,20
18.315262718932445,91.57631359466222,0.0,41.39803017754936,3.195663052543787,7.0,Low_Rubber,20
18.415346121768142,92.0767306088407,0.0,46.54491070367297,3.219683069224354,7.0,Low_Rubber,20
18.51542952460384,92.57714762301919,0.0,26.67014575753111,3.243703085904921,7.0,Low_Rubber,20
18.615512927439532,93.07756463719767,0.0,37.02789152548357,3.267723102585488,7.0,Low_Rubber,20
18.71559633027523,93.57798165137615,0.0,33.58558400269472,3.291743119266055,7.0,Low_Rubber,20
18.815679733110926,94.07839866555463,0.0,38.25404277646963,3.315763135946622,7.0,Low_Rubber,20
18.915763135946623,94.57881567973311,0.0,35.26623450652074,3.3397831526271893,7.0,Low_Rubber,20
19.01584653878232,95.07923269391159,0.0,43.22608914332055,3.3638031693077566,7.0,Low_Rubber,20
19.115929941618017,95.57964970809009,0.0,39.40927668389827,3.3878231859883243,7.0,Low_Rubber,20
19.216013344453714,96.08006672226857,0.0,17.550609822046674,3.411843202668891,7.0,Low_Rubber,20
19.316096747289407,96.58048373644704,0.0,32.827768611032965,3.4358632193494576,7.0,Low_Rubber,20
19.416180150125104,97.08090075062552,0.0,43.422269585631405,3.459883236030025,7.0,Low_Rubber,20
19.5162635529608,97.581317764804,0.0,38.875116191906514,3.483903252710592,7.0,Low_Rubber,20
19.616346955796498,98.0817347789825,0.0,32.236795297396796,3.50792326939116,7.0,Low_Rubber,20
19.716430358632195,98.58215179316097,0.0,45.53136209138974,3.531943286071727,7.0,Low_Rubber,20
19.816513761467892,99.08256880733946,0.0,41.24353291952461,3.555963302752294,7.0,Low_Rubber,20
19.916597164303585,99.58298582151792,0.0,38.59506390659827,3.5799833194328605,7.0,Low_Rubber,20
20.016680567139282,100.0834028356964,0.0,45.40354185364821,3.6040033361134274,7.0,Low_Rubber,20
20.11676396997498,100.5838198498749,0.0,33.57782941891551,3.628023352793995,7.0,Low_Rubber,20
20.216847372810676,101.08423686405338,0.0,33.56880557406009,3.652043369474562,7.0,Low_Rubber,20
20.316930775646373,101.58465387823186,0.0,34.603159819703684,3.6760633861551293,7.0,Low_Rubber,20
20.41701417848207,102.08507089241036,0.0,42.1456920130507,3.700083402835697,7.0,Low_Rubber,20
20.517097581317767,102.58548790658884,0.0,38.39951659101349,3.7241034195162643,7.0,Low_Rubber,20
20.61718098415346,103.0859049207673,0.0,40.33219525289639,3.7481234361968307,7.0,Low_Rubber,20
20.717264386989157,103.58632193494579,0.0,38.79138179892841,3.7721434528773976,7.0,Low_Rubber,20
20.817347789824854,104.08673894912427,0.0,37.00459755160935,3.796163469557965,7.0,Low_Rubber,20
20.91743119266055,104.58715596330276,0.0,41.47117730166302,3.8201834862385327,7.0,Low_Rubber,20
21.017514595496248,105.08757297748124,0.0,39.5324678698252,3.8442035029190995,7.0,Low_Rubber,20
21.117597998331945,105.58798999165973,0.0,38.39535111960839,3.868223519599667,7.0,Low_Rubber,20
21.217681401167642,106.0884070058382,0.0,31.057744603938055,3.892243536280234,7.0,Low_Rubber,20
21.317764804003335,106.58882402001667,0.0,44.600920054232056,3.9162635529608005,7.0,Low_Rubber,20
21.417848206839032,107.08924103419517,0.0,38.491523913751095,3.9402835696413683,7.0,Low_Rubber,20
21.51793160967473,107.58965804837365,0.0,38.47950669590424,3.9643035863219347,7.0,Low_Rubber,20
21.618015012510426,108.09007506255213,0.0,36.08934513185787,3.988323603002502,7.0,Low_Rubber,20
21.718098415346123,108.59049207673061,0.0,47.00630688786114,4.01234361968307,7.0,Low_Rubber,20
21.81818181818182,109.0909090909091,0.0,37.828389936992124,4.036363636363637,7.0,Low_Rubber,20
21.918265221017514,109.59132610508757,0.0,41.814696113043624,4.060383653044204,7.0,Low_Rubber,20
22.01834862385321,110.09174311926606,0.0,41.047479255430936,4.084403669724771,7.0,Low_Rubber,20
22.118432026688907,110.59216013344454,0.0,37.407321036255226,4.108423686405338,7.0,Low_Rubber,20
22.218515429524604,111.09257714762302,0.0,35.074660381903094,4.1324437030859045,7.0,Low_Rubber,20
22.3185988323603,111.5929941618015,0.0,35.29458687303553,4.156463719766472,7.0,Low_Rubber,20
22.418682235196,112.09341117598,0.0,36.135524371141585,4.180483736447039,7.0,Low_Rubber,20
22.518765638031695,112.59382819015848,0.0,37.917338064102616,4.204503753127606,7.0,Low_Rubber,20
22.61884904086739,113.09424520433694,0.0,30.576722272005068,4.228523769808173,7.0,Low_Rubber,20
22.718932443703086,113.59466221851542,0.0,38.12102485707353,4.25254378648874,7.0,Low_Rubber,20
22.819015846538782,114.0950792326939,0.0,38.86502045591768,4.276563803169307,7.0,Low_Rubber,20
22.91909924937448,114.5954962468724,0.0,48.18449057241873,4.300583819849875,7.0,Low_Rubber,20
23.019182652210176,115.09591326105088,0.0,45.30682681663048,4.324603836530442,7.0,Low_Rubber,20
23.119266055045873,115.59633027522936,0.0,31.449457504605874,4.348623853211009,7.0,Low_Rubber,20
23.21934945788157,116.09674728940786,0.0,43.408254169118436,4.3726438698915775,7.0,Low_Rubber,20
23.319432860717264,116.59716430358631,0.0,37.946111699027504,4.396663886572143,7.0,Low_Rubber,20
23.41951626355296,117.0975813177648,0.0,40.03104131000121,4.42068390325271,7.0,Low_Rubber,20
23.519599666388658,117.59799833194329,0.0,36.913703942653285,4.444703919933278,7.0,Low_Rubber,20
23.619683069224354,118.09841534612177,0.0,37.545133860724484,4.468723936613845,7.0,Low_Rubber,20
23.71976647206005,118.59883236030026,0.0,47.171075867389895,4.492743953294413,7.0,Low_Rubber,20
23.81984987489575,119.09924937447875,0.0,36.16403443757536,4.5167639699749795,7.0,Low_Rubber,20
23.919933277731445,119.59966638865723,0.0,36.04237632747076,4.540783986655547,7.0,Low_Rubber,20
24.02001668056714,120.1000834028357,0.0,37.31259696670961,4.564804003336113,7.0,Low_Rubber,20
24.120100083402836,120.60050041701417,0.0,34.62858478267413,4.5888240200166805,7.0,Low_Rubber,20
24.220183486238533,121.10091743119267,0.0,40.13335381708592,4.612844036697249,7.0,Low_Rubber,20
24.32026688907423,121.60133444537115,0.0,42.158570116749026,4.636864053377816,7.0,Low_Rubber,20
24.420350291909926,122.10175145954963,0.0,42.01861484446152,4.6608840700583825,7.0,Low_Rubber,20
24.520433694745623,122.60216847372811,0.0,34.2631294402568,4.68490408673895,7.0,Low_Rubber,20
24.620517097581317,123.10258548790658,0.0,38.050484889849535,4.708924103419516,7.0,Low_Rubber,20
24.720600500417014,123.60300250208508,0.0,44.10190846364887,4.732944120100084,7.0,Low_Rubber,20
24.82068390325271,124.10341951626356,0.0,33.211877876548726,4.756964136780652,7.0,Low_Rubber,20
24.920767306088408,124.60383653044204,0.0,40.446279473584454,4.780984153461218,7.0,Low_Rubber,20
25.020850708924105,125.10425354462052,0.0,32.44423538205152,4.8050041701417845,7.0,Low_Rubber,20
25.1209341117598,125.604670558799,0.0,44.45897803607845,4.829024186822352,7.0,Low_Rubber,20
25.2210175145955,126.1050875729775,0.0,37.0494624765069,4.85304420350292,7.0,Low_Rubber,20
25.321100917431192,126.60550458715596,0.0,36.86615045687333,4.877064220183486,7.0,Low_Rubber,20
25.42118432026689,127.10592160133444,0.0,49.63628490857963,4.901084236864053,7.0,Low_Rubber,20
25.521267723102586,127.60633861551293,0.0,48.85312733321648,4.92510425354462,7.0,Low_Rubber,20
25.621351125938283,128.1067556296914,0.0,37.78612306294033,4.949124270225187,7.0,Low_Rubber,20
25.72143452877398,128.6071726438699,0.0,36.6938579614555,4.973144286905755,7.0,Low_Rubber,20
25.821517931609677,129.10758965804837,0.0,41.30754455750205,4.997164303586322,7.0,Low_Rubber,20
25.921601334445374,129.60800667222688,0.0,49.02148831876115,5.02118432026689,7.0,Low_Rubber,20
26.021684737281067,130.10842368640533,0.0,63.40071453153605,5.045204336947456,7.0,Low_Rubber,20
26.121768140116764,130.6088407005838,0.0,63.43809008557329,5.069224353628023,7.0,Low_Rubber,20
26.22185154295246,131.1092577147623,0.0,79.99381504242209,5.09324437030859,7.0,Low_Rubber,20
26.321934945788158,131.60967472894077,1.0,107.96092898263636,36.66733708949652,7.0,Low_Rubber,20
26.422018348623855,132.11009174311928,0.0,76.0172270045756,5.141284403669726,7.0,Low_Rubber,20
26.52210175145955,132.61050875729777,0.0,62.452125066825595,5.165304420350293,7.0,Low_Rubber,20
26.62218515429525,133.11092577147625,0.0,59.16278608217853,5.18932443703086,7.0,Low_Rubber,20
26.722268557130942,133.6113427856547,0.0,41.06269492457766,5.213344453711426,7.0,Low_Rubber,20
26.82235195996664,134.11175979983318,0.0,43.54883014760661,5.237364470391993,7.0,Low_Rubber,20
26.922435362802336,134.6121768140117,0.0,43.09362272204446,5.2613844870725615,7.0,Low_Rubber,20
27.022518765638033,135.11259382819017,0.0,45.28043405775496,5.285404503753129,7.0,Low_Rubber,20
27.12260216847373,135.61301084236865,0.0,40.00953241500433,5.309424520433696,7.0,Low_Rubber,20
27.222685571309427,136.11342785654713,0.0,36.30048367196959,5.3334445371142625,7.0,Low_Rubber,20
27.32276897414512,136.6138448707256,0.0,51.56824414689563,5.357464553794829,7.0,Low_Rubber,20
27.422852376980817,137.1142618849041,0.0,42.06321084017628,5.381484570475397,7.0,Low_Rubber,20
27.522935779816514,137.61467889908258,0.0,39.02681933666636,5.405504587155964,7.0,Low_Rubber,20
27.62301918265221,138.11509591326106,0.0,50.08841838975424,5.429524603836532,7.0,Low_Rubber,20
27.723102585487908,138.61551292743954,0.0,49.50090697254058,5.453544620517098,7.0,Low_Rubber,20
27.823185988323605,139.11592994161802,0.0,44.06402073688176,5.4775646371976645,7.0,Low_Rubber,20
27.9232693911593,139.6163469557965,0.0,59.95916104682925,5.501584653878232,7.0,Low_Rubber,20
28.023352793994995,140.11676396997498,0.0,35.56913760228622,5.525604670558799,7.0,Low_Rubber,20
28.123436196830692,140.61718098415346,0.0,36.06570372250069,5.549624687239366,7.0,Low_Rubber,20
28.22351959966639,141.11759799833195,0.0,40.77148909099441,5.573644703919933,7.0,Low_Rubber,20
28.323603002502086,141.61801501251043,0.0,42.26608325829173,5.5976647206005,7.0,Low_Rubber,20
28.423686405337783,142.1184320266889,0.0,49.916690043352006,5.621684737281067,7.0,Low_Rubber,20
28.52376980817348,142.6188490408674,0.0,45.79900012101561,5.645704753961635,7.0,Low_Rubber,20
28.623853211009177,143.1192660550459,0.0,40.462239638948716,5.669724770642203,7.0,Low_Rubber,20
28.72393661384487,143.61968306922435,0.0,43.1912045113336,5.6937447873227685,7.0,Low_Rubber,20
28.824020016680567,144.12010008340283,0.0,49.06534288525488,5.717764804003336,7.0,Low_Rubber,20
28.924103419516264,144.6205170975813,0.0,47.75537814310286,5.741784820683903,7.0,Low_Rubber,20
29.02418682235196,145.1209341117598,0.0,35.13789693767829,5.76580483736447,7.0,Low_Rubber,20
29.124270225187658,145.6213511259383,0.0,42.60422999154514,5.7898248540450385,7.0,Low_Rubber,20
29.224353628023355,146.12176814011679,0.0,42.6441859930233,5.813844870725606,7.0,Low_Rubber,20
29.324437030859052,146.62218515429527,0.0,36.82970261513719,5.837864887406173,7.0,Low_Rubber,20
29.424520433694745,147.12260216847372,0.0,43.382783243019546,5.861884904086739,7.0,Low_Rubber,20
29.524603836530442,147.6230191826522,0.0,47.62823998699458,5.885904920767306,7.0,Low_Rubber,20
29.62468723936614,148.1234361968307,0.0,42.97851136716349,5.909924937447874,7.0,Low_Rubber,20
29.724770642201836,148.6238532110092,0.0,42.34825861326766,5.9339449541284415,7.0,Low_Rubber,20
29.824854045037533,149.12427022518767,0.0,38.02241524699675,5.957964970809009,7.0,Low_Rubber,20
29.92493744787323,149.62468723936615,0.0,41.945607328826064,5.981984987489576,7.0,Low_Rubber,20
30.025020850708923,150.1251042535446,0.0,46.646779793004015,6.006005004170142,7.0,Low_Rubber,20
30.12510425354462,150.62552126772312,0.0,35.35811246964354,6.03002502085071,7.0,Low_Rubber,20
30.225187656380317,151.1259382819016,0.0,50.113334126416405,6.054045037531277,7.0,Low_Rubber,20
30.325271059216014,151.62635529608008,0.0,41.50699891552106,6.078065054211844,7.0,Low_Rubber,20
30.42535446205171,152.12677231025856,0.0,47.2848638116863,6.102085070892412,7.0,Low_Rubber,20
30.525437864887408,152.62718932443704,0.0,34.2350702084287,6.126105087572978,7.0,Low_Rubber,20
30.625521267723105,153.12760633861552,0.0,38.45518644667096,6.150125104253545,7.0,Low_Rubber,20
30.7256046705588,153.628023352794,0.0,39.4800382493807,6.174145120934112,7.0,Low_Rubber,20
30.825688073394495,154.12844036697248,0.0,40.00744540629398,6.198165137614679,7.0,Low_Rubber,20
30.925771476230192,154.62885738115097,0.0,35.535347283808356,6.222185154295246,7.0,Low_Rubber,20
31.02585487906589,155.12927439532945,0.0,46.41939011107193,6.246205170975813,7.0,Low_Rubber,20
31.125938281901586,155.62969140950793,0.0,52.41060884431345,6.27022518765638,7.0,Low_Rubber,20
31.226021684737283,156.1301084236864,0.0,34.01148929076604,6.2942452043369475,7.0,Low_Rubber,20
31.32610508757298,156.6305254378649,0.0,47.93340289500808,6.318265221017515,7.0,Low_Rubber,20
31.426188490408673,157.13094245204337,0.0,47.10819398159929,6.342285237698082,7.0,Low_Rubber,20
31.52627189324437,157.63135946622185,0.0,44.504388861677135,6.3663052543786485,7.0,Low_Rubber,20
31.626355296080067,158.13177648040033,0.0,46.50428018427376,6.390325271059216,7.0,Low_Rubber,20
31.726438698915764,158.63219349457881,0.0,44.974273991931526,6.414345287739783,7.0,Low_Rubber,20
31.82652210175146,159.1326105087573,0.0,46.600891932978634,6.43836530442035,7.0,Low_Rubber,20
31.926605504587158,159.63302752293578,0.0,48.22084765446115,6.462385321100918,7.0,Low_Rubber,20
32.02668890742285,160.13344453711426,0.0,50.16767478633126,6.486405337781484,7.0,Low_Rubber,20
32.12677231025855,160.63386155129277,0.0,43.873034582274904,6.510425354462053,7.0,Low_Rubber,20
32.226855713094245,161.13427856547122,0.0,42.94210273436023,6.534445371142619,7.0,Low_Rubber,20
32.326939115929946,161.63469557964973,0.0,43.951081361983526,6.558465387823187,7.0,Low_Rubber,20
32.42702251876564,162.13511259382818,0.0,44.101037447349626,6.582485404503753,7.0,Low_Rubber,20
32.52710592160133,162.63552960800666,0.0,47.48097131889138,6.60650542118432,7.0,Low_Rubber,20
32.62718932443703,163.13594662218517,0.0,38.870942361326534,6.630525437864889,7.0,Low_Rubber,20
32.72727272727273,163.63636363636363,0.0,51.89746213607761,6.654545454545454,7.0,Low_Rubber,20
32.82735613010843,164.13678065054214,0.0,43.43348791063468,6.6785654712260225,7.0,Low_Rubber,20
32.92743953294412,164.6371976647206,0.0,49.269299532202965,6.702585487906589,7.0,Low_Rubber,20
33.02752293577982,165.1376146788991,0.0,47.855200422788,6.726605504587157,7.0,Low_Rubber,20
33.127606338615514,165.63803169307758,0.0,36.99729732507346,6.750625521267724,7.0,Low_Rubber,20
33.22768974145121,166.13844870725603,0.0,46.755198027236304,6.77464553794829,7.0,Low_Rubber,20
33.32777314428691,166.63886572143454,0.0,48.56670990404028,6.798665554628858,7.0,Low_Rubber,20
33.4278565471226,167.139282735613,0.0,39.68729508882225,6.8226855713094245,7.0,Low_Rubber,20
33.5279399499583,167.6396997497915,0.0,44.39838168231226,6.846705587989992,7.0,Low_Rubber,20
33.628023352793996,168.14011676396998,0.0,48.53556985435348,6.870725604670559,7.0,Low_Rubber,20
33.72810675562969,168.64053377814844,0.0,42.36968210875457,6.894745621351125,7.0,Low_Rubber,20
33.82819015846539,169.14095079232695,0.0,44.424267378394575,6.918765638031693,7.0,Low_Rubber,20
33.92827356130108,169.6413678065054,0.0,38.42964000841306,6.942785654712259,7.0,Low_Rubber,20
34.02835696413678,170.1417848206839,0.0,52.1787811757594,6.9668056713928275,7.0,Low_Rubber,20
34.12844036697248,170.6422018348624,0.0,36.95862857314238,6.990825688073395,7.0,Low_Rubber,20
34.22852376980818,171.1426188490409,0.0,44.72335324663412,7.014845704753963,7.0,Low_Rubber,20
34.32860717264387,171.64303586321935,0.0,42.66156897291888,7.0388657214345285,7.0,Low_Rubber,20
34.428690575479564,172.1434528773978,0.0,49.70046549962721,7.062885738115095,7.0,Low_Rubber,20
34.528773978315265,172.64386989157632,0.0,34.88477354834268,7.086905754795663,7.0,Low_Rubber,20
34.62885738115096,173.1442869057548,0.0,52.8443545307921,7.11092577147623,7.0,Low_Rubber,20
34.72894078398666,173.6447039199333,0.0,53.12985645444717,7.134945788156799,7.0,Low_Rubber,20
34.82902418682235,174.14512093411176,0.0,42.50107500210238,7.158965804837364,7.0,Low_Rubber,20
34.92910758965805,174.64553794829027,0.0,42.894788243979086,7.182985821517933,7.0,Low_Rubber,20
35.029190992493746,175.14595496246872,0.0,56.561778114499916,7.207005838198499,7.0,Low_Rubber,20
35.12927439532944,175.6463719766472,0.0,41.56115153467157,7.231025854879066,7.0,Low_Rubber,20
35.22935779816514,176.1467889908257,0.0,46.87143939825726,7.255045871559634,7.0,Low_Rubber,20
35.32944120100083,176.64720600500416,0.0,41.134492029533256,7.2790658882402,7.0,Low_Rubber,20
35.42952460383653,177.14762301918267,0.0,44.97713882780195,7.303085904920769,7.0,Low_Rubber,20
35.52960800667223,177.64804003336113,0.0,45.453450172885766,7.327105921601334,7.0,Low_Rubber,20
35.62969140950793,178.14845704753964,0.0,47.864108502503306,7.3511259382819025,7.0,Low_Rubber,20
35.72977481234362,178.64887406171812,0.0,43.71017291023738,7.37514595496247,7.0,Low_Rubber,20
35.829858215179314,179.14929107589657,0.0,51.38176668994991,7.399165971643035,7.0,Low_Rubber,20
35.929941618015015,179.64970809007508,0.0,48.878414722264054,7.423185988323604,7.0,Low_Rubber,20
36.03002502085071,180.15012510425353,0.0,46.530466146941826,7.44720600500417,7.0,Low_Rubber,20
36.13010842368641,180.65054211843204,0.0,44.24238108202104,7.471226021684738,7.0,Low_Rubber,20
36.2301918265221,181.15095913261052,0.0,45.77012999680619,7.4952460383653055,7.0,Low_Rubber,20
36.3302752293578,181.651376146789,0.0,43.73679095049087,7.519266055045872,7.0,Low_Rubber,20
36.430358632193496,182.1517931609675,0.0,44.36432033465047,7.543286071726439,7.0,Low_Rubber,20
36.53044203502919,182.65221017514594,0.0,55.16230905135829,7.567306088407005,7.0,Low_Rubber,20
36.63052543786489,183.15262718932445,0.0,46.00401244492512,7.591326105087573,7.0,Low_Rubber,20
36.73060884070058,183.65304420350293,0.0,32.6874531297651,7.61534612176814,7.0,Low_Rubber,20
36.830692243536284,184.1534612176814,0.0,39.99371423774821,7.6393661384487075,7.0,Low_Rubber,20
36.93077564637198,184.6538782318599,0.0,48.25518840556225,7.663386155129275,7.0,Low_Rubber,20
37.03085904920768,185.15429524603837,0.0,51.71458269184931,7.687406171809842,7.0,Low_Rubber,20
37.13094245204337,185.65471226021685,0.0,47.33810761076665,7.7114261884904085,7.0,Low_Rubber,20
37.231025854879064,186.15512927439534,0.0,44.07864373943549,7.735446205170977,7.0,Low_Rubber,20
37.331109257714765,186.65554628857382,0.0,45.76306689331453,7.759466221851543,7.0,Low_Rubber,20
37.43119266055046,187.1559633027523,0.0,37.544873854495435,7.7834862385321095,7.0,Low_Rubber,20
37.53127606338616,187.65638031693078,0.0,48.88156861597622,7.807506255212678,7.0,Low_Rubber,20
37.63135946622185,188.15679733110926,0.0,50.363343597821085,7.831526271893244,7.0,Low_Rubber,20
37.73144286905755,188.65721434528777,0.0,41.56659271095779,7.855546288573812,7.0,Low_Rubber,20
37.831526271893246,189.15763135946622,0.0,45.02168328872713,7.879566305254379,7.0,Low_Rubber,20
37.93160967472894,189.6580483736447,0.0,38.359947540060745,7.903586321934945,7.0,Low_Rubber,20
38.03169307756464,190.15846538782318,0.0,44.49507501127152,7.927606338615513,7.0,Low_Rubber,20
38.13177648040033,190.65888240200167,0.0,28.301394445261693,7.95162635529608,7.0,Low_Rubber,20
38.231859883236034,191.15929941618018,0.0,49.4750667606085,7.975646371976648,7.0,Low_Rubber,20
38.33194328607173,191.65971643035863,0.0,49.74605869163224,7.999666388657214,7.0,Low_Rubber,20
38.43202668890743,192.16013344453714,0.0,41.51618059999112,8.023686405337783,7.0,Low_Rubber,20
38.53211009174312,192.6605504587156,0.0,39.67788427217312,8.047706422018349,7.0,Low_Rubber,20
38.632193494578814,193.16096747289407,0.0,53.212274295327255,8.071726438698915,7.0,Low_Rubber,20
38.732276897414515,193.66138448707258,0.0,52.86906297192141,8.095746455379484,7.0,Low_Rubber,20
38.83236030025021,194.16180150125103,0.0,42.83869785297079,8.11976647206005,7.0,Low_Rubber,20
38.93244370308591,194.66221851542954,0.0,37.41866106935186,8.143786488740618,7.0,Low_Rubber,20
39.0325271059216,195.162635529608,0.0,51.001604666857226,8.167806505421185,7.0,Low_Rubber,20
39.132610508757296,195.66305254378648,0.0,48.788232408649094,8.191826522101751,7.0,Low_Rubber,20
39.232693911592996,196.163469557965,0.0,45.42892202494686,8.21584653878232,7.0,Low_Rubber,20
39.33277731442869,196.66388657214344,0.0,41.77048620656751,8.239866555462886,7.0,Low_Rubber,20
39.43286071726439,197.16430358632195,0.0,52.13217341695187,8.263886572143454,7.0,Low_Rubber,20
39.53294412010008,197.6647206005004,0.0,46.635847502753634,8.28790658882402,7.0,Low_Rubber,20
39.633027522935784,198.1651376146789,0.0,36.74197770138073,8.311926605504588,7.0,Low_Rubber,20
39.73311092577148,198.6655546288574,0.0,51.63198454115525,8.335946622185155,7.0,Low_Rubber,20
39.83319432860717,199.16597164303585,0.0,47.1259873527941,8.359966638865721,7.0,Low_Rubber,20
39.93327773144287,199.66638865721436,0.0,52.29136414822931,8.38398665554629,7.0,Low_Rubber,20
40.033361134278564,200.1668056713928,0.0,49.43621894037605,8.408006672226856,7.0,Low_Rubber,20
40.133444537114265,200.66722268557132,0.0,43.77301066961873,8.432026688907424,7.0,Low_Rubber,20
40.23352793994996,201.1676396997498,0.0,46.794533090207736,8.45604670558799,7.0,Low_Rubber,20
40.33361134278566,201.6680567139283,0.0,46.82157213178999,8.48006672226856,7.0,Low_Rubber,20
40.43369474562135,202.16847372810676,0.0,48.157381395055765,8.504086738949125,7.0,Low_Rubber,20
40.533778148457046,202.6688907422852,0.0,49.47786838985715,8.528106755629691,7.0,Low_Rubber,20
40.633861551292746,203.16930775646372,0.0,39.99033602062907,8.55212677231026,7.0,Low_Rubber,20
40.73394495412844,203.6697247706422,0.0,49.26275164179425,8.576146788990826,7.0,Low_Rubber,20
40.83402835696414,204.17014178482071,0.0,49.75047951229986,8.600166805671394,7.0,Low_Rubber,20
40.93411175979983,204.67055879899917,0.0,51.80087686763435,8.624186822351959,7.0,Low_Rubber,20
41.034195162635534,205.17097581317768,0.0,42.075488026300874,8.648206839032527,7.0,Low_Rubber,20
41.13427856547123,205.67139282735613,0.0,46.5799099711231,8.672226855713093,7.0,Low_Rubber,20
41.23436196830692,206.1718098415346,0.0,42.92323952660165,8.69624687239366,7.0,Low_Rubber,20
41.33444537114262,206.67222685571312,0.0,52.17055384625401,8.72026688907423,7.0,Low_Rubber,20
41.434528773978315,207.17264386989157,0.0,44.074117318808675,8.744286905754795,7.0,Low_Rubber,20
41.534612176814015,207.67306088407008,0.0,44.760445708198276,8.768306922435363,7.0,Low_Rubber,20
41.63469557964971,208.17347789824854,0.0,41.689633633359506,8.792326939115929,7.0,Low_Rubber,20
41.73477898248541,208.67389491242704,0.0,52.14790047851805,8.816346955796497,7.0,Low_Rubber,20
41.8348623853211,209.17431192660553,0.0,53.119055870685116,8.840366972477065,7.0,Low_Rubber,20
41.934945788156796,209.67472894078398,0.0,57.29049956718354,8.86438698915763,7.0,Low_Rubber,20
42.035029190992496,210.1751459549625,0.0,45.755338708381316,8.888407005838198,7.0,Low_Rubber,20
42.13511259382819,210.67556296914094,0.0,49.02117009007627,8.912427022518765,7.0,Low_Rubber,20
42.23519599666389,211.17597998331945,0.0,58.625758303014166,8.936447039199333,7.0,Low_Rubber,20
42.33527939949958,211.67639699749793,0.0,41.11991447897721,8.960467055879901,7.0,Low_Rubber,20
42.435362802335284,212.1768140116764,0.0,49.2785045853584,8.984487072560468,7.0,Low_Rubber,20
42.53544620517098,212.6772310258549,0.0,48.310246377218434,9.008507089241034,7.0,Low_Rubber,20
42.63552960800667,213.17764804003335,0.0,49.457470986467726,9.0325271059216,7.0,Low_Rubber,20
42.73561301084237,213.67806505421186,0.0,55.062691043934294,9.056547122602169,7.0,Low_Rubber,20
42.835696413678065,214.17848206839034,0.0,50.88723526049421,9.080567139282737,7.0,Low_Rubber,20
42.935779816513765,214.67889908256882,0.0,51.4795287932171,9.104587155963303,7.0,Low_Rubber,20
43.03586321934946,215.1793160967473,0.0,47.1244308789762,9.12860717264387,7.0,Low_Rubber,20
43.13594662218516,215.67973311092578,0.0,38.26671994458896,9.152627189324438,7.0,Low_Rubber,20
43.23603002502085,216.18015012510426,0.0,56.888620182898826,9.176647206005004,7.0,Low_Rubber,20
43.336113427856546,216.68056713928274,0.0,48.02703028081315,9.200667222685572,7.0,Low_Rubber,20
43.436196830692246,217.18098415346122,0.0,46.639069244999945,9.224687239366139,7.0,Low_Rubber,20
43.53628023352794,217.6814011676397,0.0,49.058055670344686,9.248707256046707,7.0,Low_Rubber,20
43.63636363636364,218.1818181818182,0.0,50.590609644507204,9.272727272727273,7.0,Low_Rubber,20
43.736447039199334,218.68223519599667,0.0,48.432347863707434,9.29674728940784,7.0,Low_Rubber,20
43.83653044203503,219.18265221017515,0.0,37.81908868036306,9.320767306088408,7.0,Low_Rubber,20
43.93661384487073,219.68306922435363,0.0,50.55397476427503,9.344787322768974,7.0,Low_Rubber,20
44.03669724770642,220.1834862385321,0.0,51.924819177035666,9.368807339449543,7.0,Low_Rubber,20
44.13678065054212,220.6839032527106,0.0,54.6484052138466,9.392827356130109,7.0,Low_Rubber,20
44.236864053377815,221.18432026688907,0.0,58.782009103551715,9.416847372810675,7.0,Low_Rubber,20
44.336947456213515,221.68473728106758,0.0,55.015945392661244,9.440867389491245,7.0,Low_Rubber,20
44.43703085904921,222.18515429524604,0.0,50.336991422525315,9.46488740617181,7.0,Low_Rubber,20
44.5371142618849,222.68557130942452,0.0,53.88616318524149,9.488907422852378,7.0,Low_Rubber,20
44.6371976647206,223.185988323603,0.0,50.96193904480996,9.512927439532945,7.0,Low_Rubber,20
44.737281067556296,223.68640533778148,0.0,44.91902129024933,9.536947456213511,7.0,Low_Rubber,20
44.837364470392,224.18682235196,0.0,54.11701495434427,9.560967472894081,7.0,Low_Rubber,20
44.93744787322769,224.68723936613844,0.0,54.33860837164032,9.584987489574646,7.0,Low_Rubber,20
45.03753127606339,225.18765638031695,0.0,43.05689128466916,9.609007506255214,7.0,Low_Rubber,20
45.137614678899084,225.6880733944954,0.0,65.93212071048364,9.63302752293578,7.0,Low_Rubber,20
45.23769808173478,226.18849040867389,0.0,52.48945071819134,9.657047539616347,7.0,Low_Rubber,20
45.33778148457048,226.6889074228524,0.0,44.32710108486739,9.681067556296917,7.0,Low_Rubber,20
45.43786488740617,227.18932443703085,0.0,51.44972460756122,9.705087572977481,7.0,Low_Rubber,20
45.53794829024187,227.68974145120936,0.0,38.95442893258552,9.72910758965805,7.0,Low_Rubber,20
45.638031693077565,228.1901584653878,0.0,50.609563604163796,9.753127606338616,7.0,Low_Rubber,20
45.738115095913265,228.69057547956632,0.0,36.69024134306465,9.777147623019184,7.0,Low_Rubber,20
45.83819849874896,229.1909924937448,0.0,42.863709211213646,9.801167639699752,7.0,Low_Rubber,20
45.93828190158465,229.69140950792325,0.0,55.25631139449962,9.825187656380317,7.0,Low_Rubber,20
46.03836530442035,230.19182652210176,0.0,58.576145285652686,9.849207673060885,7.0,Low_Rubber,20
46.138448707256046,230.69224353628022,0.0,63.71580788758567,9.873227689741451,7.0,Low_Rubber,20
46.23853211009175,231.19266055045873,0.0,88.29090927388077,9.89724770642202,7.0,Low_Rubber,20
46.33861551292744,231.6930775646372,0.0,102.07707661921938,9.921267723102586,7.0,Low_Rubber,20
46.43869891576314,232.19349457881572,1.0,131.04543289219225,48.67088024614253,7.0,Low_Rubber,20
46.538782318598834,232.69391159299417,0.0,108.03792932902363,9.969307756463719,7.0,Low_Rubber,20
46.63886572143453,233.19432860717262,0.0,79.65419203535278,9.993327773144285,7.0,Low_Rubber,20
46.73894912427023,233.69474562135113,0.0,73.85359556383614,10.017347789824854,7.0,Low_Rubber,20
46.83903252710592,234.1951626355296,0.0,57.06116498160735,10.041367806505422,7.0,Low_Rubber,20
46.93911592994162,234.69557964970812,0.0,52.847167549142654,10.06538782318599,7.0,Low_Rubber,20
47.039199332777315,235.19599666388658,0.0,43.25743726943012,10.089407839866555,7.0,Low_Rubber,20
47.139282735613016,235.69641367806508,0.0,50.19073146176571,10.113427856547125,7.0,Low_Rubber,20
47.23936613844871,236.19683069224354,0.0,52.37365410634972,10.13744787322769,7.0,Low_Rubber,20
47.3394495412844,236.69724770642202,0.0,44.93083311680023,10.161467889908257,7.0,Low_Rubber,20
47.4395329441201,237.19766472060053,0.0,35.15281159397217,10.185487906588826,7.0,Low_Rubber,20
47.539616346955796,237.69808173477898,0.0,50.15419065843834,10.20950792326939,7.0,Low_Rubber,20
47.6396997497915,238.1984987489575,0.0,52.86448329910214,10.23352793994996,7.0,Low_Rubber,20
47.73978315262719,238.69891576313594,0.0,52.42093368311711,10.257547956630525,7.0,Low_Rubber,20
47.83986655546289,239.19933277731445,0.0,52.87927904393898,10.281567973311093,7.0,Low_Rubber,20
47.939949958298584,239.69974979149293,0.0,50.46134919093008,10.305587989991661,7.0,Low_Rubber,20
48.04003336113428,240.2001668056714,0.0,57.68892362592949,10.329608006672226,7.0,Low_Rubber,20
48.14011676396998,240.7005838198499,0.0,57.56073567623098,10.353628023352796,7.0,Low_Rubber,20
48.24020016680567,241.20100083402835,0.0,53.36084755905253,10.37764804003336,7.0,Low_Rubber,20
48.34028356964137,241.70141784820686,0.0,50.69721851749903,10.401668056713929,7.0,Low_Rubber,20
48.440366972477065,242.20183486238534,0.0,43.80750293052408,10.425688073394497,7.0,Low_Rubber,20
48.540450375312766,242.70225187656382,0.0,46.67946194808256,10.449708090075063,7.0,Low_Rubber,20
48.64053377814846,243.2026688907423,0.0,44.95348574060496,10.473728106755631,7.0,Low_Rubber,20
48.74061718098415,243.70308590492075,0.0,51.95677864385638,10.497748123436196,7.0,Low_Rubber,20
48.84070058381985,244.20350291909926,0.0,49.089619161814305,10.521768140116764,7.0,Low_Rubber,20
48.940783986655546,244.70391993327775,0.0,57.484828235745994,10.545788156797332,7.0,Low_Rubber,20
49.04086738949125,245.20433694745623,0.0,47.13161035876904,10.569808173477899,7.0,Low_Rubber,20
49.14095079232694,245.7047539616347,0.0,49.43942828090685,10.593828190158467,7.0,Low_Rubber,20
49.241034195162634,246.20517097581316,0.0,55.31713010941671,10.617848206839032,7.0,Low_Rubber,20
49.341117597998334,246.70558798999167,0.0,56.949674723692965,10.6418682235196,7.0,Low_Rubber,20
49.44120100083403,247.20600500417015,0.0,51.838611062520286,10.665888240200168,7.0,Low_Rubber,20
49.54128440366973,247.70642201834863,0.0,50.18355213861417,10.689908256880734,7.0,Low_Rubber,20
49.64136780650542,248.2068390325271,0.0,47.78546798213211,10.713928273561303,7.0,Low_Rubber,20
49.74145120934112,248.7072560467056,0.0,42.77620805126067,10.737948290241869,7.0,Low_Rubber,20
49.841534612176815,249.20767306088408,0.0,45.671633228241575,10.761968306922435,7.0,Low_Rubber,20
49.94161801501251,249.70809007506256,0.0,51.17854626777593,10.785988323603004,7.0,Low_Rubber,20
50.04170141784821,250.20850708924104,0.0,51.79250967815496,10.81000834028357,7.0,Low_Rubber,20
50.1417848206839,250.70892410341952,0.0,61.04948354091306,10.834028356964138,7.0,Low_Rubber,20
50.2418682235196,251.209341117598,0.0,54.83846763708604,10.858048373644705,7.0,Low_Rubber,20
50.341951626355296,251.70975813177648,0.0,56.891205095412694,10.882068390325271,7.0,Low_Rubber,20
50.442035029191,252.210175145955,0.0,57.43791661398615,10.906088407005841,7.0,Low_Rubber,20
50.54211843202669,252.71059216013344,0.0,45.68955809151841,10.930108423686406,7.0,Low_Rubber,20
50.642201834862384,253.21100917431193,0.0,48.63164366775025,10.954128440366974,7.0,Low_Rubber,20
50.742285237698084,253.7114261884904,0.0,54.33605882724443,10.97814845704754,7.0,Low_Rubber,20
50.84236864053378,254.2118432026689,0.0,53.73282813426752,11.002168473728107,7.0,Low_Rubber,20
50.94245204336948,254.7122602168474,0.0,58.42650072120264,11.026188490408677,7.0,Low_Rubber,20
51.04253544620517,255.21267723102585,0.0,46.85959750313749,11.050208507089241,7.0,Low_Rubber,20
51.14261884904087,255.71309424520436,0.0,51.6025638559271,11.07422852376981,7.0,Low_Rubber,20
51.242702251876565,256.2135112593828,0.0,45.16526540126768,11.098248540450376,7.0,Low_Rubber,20
51.34278565471226,256.7139282735613,0.0,52.90251377814917,11.122268557130942,7.0,Low_Rubber,20
51.44286905754796,257.2143452877398,0.0,49.19148420304749,11.14628857381151,7.0,Low_Rubber,20
51.54295246038365,257.71476230191826,0.0,44.95766497105831,11.170308590492077,7.0,Low_Rubber,20
51.64303586321935,258.21517931609674,0.0,48.60060872313778,11.194328607172645,7.0,Low_Rubber,20
51.74311926605505,258.7155963302752,0.0,61.78237435736823,11.218348623853212,7.0,Low_Rubber,20
51.84320266889075,259.21601334445376,0.0,55.290375735222284,11.24236864053378,7.0,Low_Rubber,20
51.94328607172644,259.7164303586322,0.0,54.25281929370878,11.266388657214346,7.0,Low_Rubber,20
52.043369474562134,260.21684737281066,0.0,54.55447628682155,11.290408673894913,7.0,Low_Rubber,20
52.143452877397834,260.7172643869892,0.0,49.38280739656591,11.31442869057548,7.0,Low_Rubber,20
52.24353628023353,261.2176814011676,0.0,51.92936516771701,11.338448707256045,7.0,Low_Rubber,20
52.34361968306923,261.71809841534616,0.0,57.77790534108199,11.362468723936615,7.0,Low_Rubber,20
52.44370308590492,262.2185154295246,0.0,50.18867669620956,11.38648874061718,7.0,Low_Rubber,20
52.54378648874062,262.7189324437031,0.0,48.96866061823536,11.41050875729775,7.0,Low_Rubber,20
52.643869891576315,263.21934945788155,0.0,61.98990044892337,11.434528773978315,7.0,Low_Rubber,20
52.74395329441201,263.71976647206003,0.0,54.35139058654603,11.458548790658881,7.0,Low_Rubber,20
52.84403669724771,264.22018348623857,0.0,63.19902934260275,11.482568807339451,7.0,Low_Rubber,20
52.9441201000834,264.720600500417,0.0,53.486565586684385,11.506588824020016,7.0,Low_Rubber,20
53.0442035029191,265.22101751459553,0.0,52.159603308365575,11.530608840700586,7.0,Low_Rubber,20
53.1442869057548,265.721434528774,0.0,57.240305867242995,11.554628857381152,7.0,Low_Rubber,20
53.2443703085905,266.2218515429525,0.0,39.8228410896906,11.57864887406172,7.0,Low_Rubber,20
53.34445371142619,266.722268557131,0.0,49.871831289993075,11.602668890742287,7.0,Low_Rubber,20
53.444537114261884,267.2226855713094,0.0,64.35130439514577,11.626688907422851,7.0,Low_Rubber,20
53.544620517097584,267.72310258548794,0.0,59.50512530959496,11.650708924103421,7.0,Low_Rubber,20
53.64470391993328,268.22351959966636,0.0,58.74670710371121,11.674728940783986,7.0,Low_Rubber,20
53.74478732276898,268.7239366138449,0.0,57.827300251412076,11.698748957464556,7.0,Low_Rubber,20
53.84487072560467,269.2243536280234,0.0,47.62439093820872,11.722768974145122,7.0,Low_Rubber,20
53.944954128440365,269.7247706422018,0.0,58.349079336255784,11.746788990825687,7.0,Low_Rubber,20
54.045037531276066,270.22518765638034,0.0,55.897340209568824,11.770809007506257,7.0,Low_Rubber,20
54.14512093411176,270.7256046705588,0.0,53.97448736378912,11.794829024186823,7.0,Low_Rubber,20
54.24520433694746,271.2260216847373,0.0,48.038122334240725,11.818849040867391,7.0,Low_Rubber,20
54.34528773978315,271.7264386989158,0.0,52.90514441447584,11.842869057547958,7.0,Low_Rubber,20
54.44537114261885,272.22685571309427,0.0,58.35993307719248,11.866889074228524,7.0,Low_Rubber,20
54.54545454545455,272.72727272727275,0.0,52.831066013305346,11.890909090909092,7.0,Low_Rubber,20
54.64553794829024,273.2276897414512,0.0,66.41291341464019,11.914929107589657,7.0,Low_Rubber,20
54.74562135112594,273.7281067556297,0.0,52.96214265219039,11.938949124270227,7.0,Low_Rubber,20
54.845704753961634,274.2285237698082,0.0,62.159344592365414,11.962969140950793,7.0,Low_Rubber,20
54.945788156797335,274.7289407839867,0.0,50.770236456765694,11.98698915763136,7.0,Low_Rubber,20
55.04587155963303,275.22935779816515,0.0,56.67347591923543,12.011009174311928,7.0,Low_Rubber,20
55.14595496246873,275.72977481234363,0.0,53.43139140549583,12.035029190992494,7.0,Low_Rubber,20
55.24603836530442,276.2301918265221,0.0,51.37986356101227,12.059049207673063,7.0,Low_Rubber,20
55.346121768140115,276.7306088407006,0.0,52.49733226404251,12.083069224353629,7.0,Low_Rubber,20
55.446205170975816,277.2310258548791,0.0,50.95820220974974,12.107089241034195,7.0,Low_Rubber,20
55.54628857381151,277.73144286905756,0.0,58.62348977801838,12.131109257714764,7.0,Low_Rubber,20
55.64637197664721,278.23185988323604,0.0,64.88585968502126,12.15512927439533,7.0,Low_Rubber,20
55.7464553794829,278.7322768974145,0.0,62.05600463927292,12.179149291075898,7.0,Low_Rubber,20
55.8465387823186,279.232693911593,0.0,60.56361491222125,12.203169307756465,7.0,Low_Rubber,20
55.9466221851543,279.7331109257715,0.0,47.61702104509554,12.227189324437031,7.0,Low_Rubber,20
56.04670558798999,280.23352793994997,0.0,52.15514873417946,12.2512093411176,7.0,Low_Rubber,20
56.14678899082569,280.73394495412845,0.0,54.021813303951085,12.275229357798166,7.0,Low_Rubber,20
56.246872393661384,281.2343619683069,0.0,48.1178523316427,12.299249374478734,7.0,Low_Rubber,20
56.346955796497085,281.7347789824854,0.0,62.86386649369182,12.3232693911593,7.0,Low_Rubber,20
56.44703919933278,282.2351959966639,0.0,59.10711520400046,12.347289407839867,7.0,Low_Rubber,20
56.54712260216848,282.73561301084237,0.0,51.57553572753718,12.371309424520435,7.0,Low_Rubber,20
56.64720600500417,283.23603002502085,0.0,54.957516957776505,12.395329441201001,7.0,Low_Rubber,20
56.747289407839865,283.73644703919933,0.0,55.70855385169648,12.41934945788157,7.0,Low_Rubber,20
56.847372810675566,284.2368640533778,0.0,55.42280853524893,12.443369474562136,7.0,Low_Rubber,20
56.94745621351126,284.7372810675563,0.0,64.21215070966628,12.467389491242702,7.0,Low_Rubber,20
57.04753961634696,285.2376980817348,0.0,49.48739330583284,12.49140950792327,7.0,Low_Rubber,20
57.14762301918265,285.73811509591326,0.0,56.710644005980306,12.515429524603837,7.0,Low_Rubber,20
57.247706422018354,286.2385321100918,0.0,58.61726677468164,12.539449541284407,7.0,Low_Rubber,20
57.34778982485405,286.7389491242702,0.0,65.0046560849116,12.563469557964972,7.0,Low_Rubber,20
57.44787322768974,287.2393661384487,0.0,61.41023384380611,12.587489574645538,7.0,Low_Rubber,20
57.54795663052544,287.7397831526272,0.0,48.39552412340545,12.611509591326106,7.0,Low_Rubber,20
57.648040033361134,288.24020016680566,0.0,53.40070398514624,12.635529608006673,7.0,Low_Rubber,20
57.748123436196835,288.74061718098415,0.0,55.37961723439878,12.659549624687239,7.0,Low_Rubber,20
57.84820683903253,289.2410341951626,0.0,58.13172692883229,12.683569641367805,7.0,Low_Rubber,20
57.94829024186823,289.74145120934116,0.0,48.62162084653303,12.707589658048375,7.0,Low_Rubber,20
58.04837364470392,290.2418682235196,0.0,61.511298795329296,12.73160967472894,7.0,Low_Rubber,20
58.148457047539615,290.74228523769807,0.0,59.00516053194717,12.755629691409506,7.0,Low_Rubber,20
58.248540450375316,291.2427022518766,0.0,56.097692585264554,12.779649708090076,7.0,Low_Rubber,20
58.34862385321101,291.74311926605503,0.0,62.43738946395154,12.803669724770641,7.0,Low_Rubber,20
58.44870725604671,292.24353628023357,0.0,60.49945574678609,12.827689741451211,7.0,Low_Rubber,20
58.5487906588824,292.743953294412,0.0,56.64514792439755,12.851709758131776,7.0,Low_Rubber,20
58.648874061718104,293.24437030859053,0.0,62.93993900033574,12.875729774812346,7.0,Low_Rubber,20
58.7489574645538,293.74478732276896,0.0,54.01432459152947,12.89974979149291,7.0,Low_Rubber,20
58.84904086738949,294.24520433694744,0.0,56.63921212043884,12.923769808173477,7.0,Low_Rubber,20
58.94912427022519,294.745621351126,0.0,54.07615471842965,12.947789824854047,7.0,Low_Rubber,20
59.049207673060884,295.2460383653044,0.0,59.71295893920268,12.971809841534611,7.0,Low_Rubber,20
59.149291075896585,295.74645537948294,0.0,58.86180274763225,12.995829858215181,7.0,Low_Rubber,20
59.24937447873228,296.2468723936614,0.0,56.63340952446606,13.019849874895748,7.0,Low_Rubber,20
59.34945788156797,296.74728940783984,0.0,71.45853669586677,13.043869891576312,7.0,Low_Rubber,20
59.44954128440367,297.2477064220184,0.0,98.01785317957477,13.067889908256882,7.0,Low_Rubber,20
59.549624687239366,297.7481234361968,0.0,114.04490740309237,13.091909924937447,7.0,Low_Rubber,20
59.649708090075066,298.24854045037534,1.0,157.55774651043507,66.38833296937621,7.0,Low_Rubber,20
59.74979149291076,298.74895746455377,0.0,134.3940838824099,13.139949958298581,7.0,Low_Rubber,20
59.84987489574646,299.2493744787323,0.0,144.18589394664588,13.163969974979151,7.0,Low_Rubber,20
59.94995829858215,299.7497914929108,1.0,165.04004891114593,52.50916563736798,7.0,Low_Rubber,20
60.05004170141785,300.2502085070892,0.0,106.41648890840102,13.212010008340282,7.0,Low_Rubber,20
60.15012510425355,300.75062552126775,0.0,89.03554687887672,13.236030025020852,7.0,Low_Rubber,20
60.25020850708924,301.25104253544623,0.0,69.94673871470589,13.260050041701419,7.0,Low_Rubber,20
60.35029190992494,301.7514595496247,0.0,72.49476907067978,13.284070058381987,7.0,Low_Rubber,20
60.450375312760634,302.2518765638032,0.0,58.09179572209625,13.308090075062553,7.0,Low_Rubber,20
60.550458715596335,302.7522935779817,0.0,55.04994251260473,13.33211009174312,7.0,Low_Rubber,20
60.65054211843203,303.25271059216016,0.0,52.434297015534874,13.356130108423688,7.0,Low_Rubber,20
60.75062552126772,303.7531276063386,0.0,56.55653176638796,13.380150125104253,7.0,Low_Rubber,20
60.85070892410342,304.2535446205171,0.0,59.28160288557663,13.404170141784823,7.0,Low_Rubber,20
60.950792326939116,304.7539616346956,0.0,65.8372438896676,13.428190158465389,7.0,Low_Rubber,20
61.050875729774816,305.2543786488741,0.0,58.859208555688824,13.452210175145956,7.0,Low_Rubber,20
61.15095913261051,305.75479566305256,0.0,54.91195610574087,13.476230191826524,7.0,Low_Rubber,20
61.25104253544621,306.25521267723104,0.0,72.37424893023052,13.50025020850709,7.0,Low_Rubber,20
61.3511259382819,306.7556296914095,0.0,67.16333758020474,13.524270225187658,7.0,Low_Rubber,20
61.4512093411176,307.256046705588,0.0,56.26495278717566,13.548290241868225,7.0,Low_Rubber,20
61.5512927439533,307.7564637197665,0.0,71.32728458416835,13.572310258548791,7.0,Low_Rubber,20
61.65137614678899,308.25688073394497,0.0,65.682559078809,13.59633027522936,7.0,Low_Rubber,20
61.75145954962469,308.75729774812345,0.0,52.25797965118256,13.620350291909926,7.0,Low_Rubber,20
61.851542952460385,309.25771476230193,0.0,61.03476019794977,13.644370308590494,7.0,Low_Rubber,20
61.951626355296085,309.7581317764804,0.0,55.69353116966069,13.66839032527106,7.0,Low_Rubber,20
62.05170975813178,310.2585487906589,0.0,51.70929994853475,13.692410341951627,7.0,Low_Rubber,20
62.15179316096747,310.7589658048374,0.0,52.587451088575506,13.716430358632195,7.0,Low_Rubber,20
62.25187656380317,311.25938281901585,0.0,49.0300763059802,13.740450375312761,7.0,Low_Rubber,20
62.351959966638866,311.75979983319434,0.0,56.18425673262755,13.76447039199333,7.0,Low_Rubber,20
62.452043369474566,312.2602168473728,0.0,55.71271490882209,13.788490408673896,7.0,Low_Rubber,20
62.55212677231026,312.7606338615513,0.0,67.33714587993829,13.812510425354462,7.0,Low_Rubber,20
62.65221017514596,313.2610508757298,0.0,64.77245249345272,13.83653044203503,7.0,Low_Rubber,20
62.75229357798165,313.76146788990826,0.0,52.12257951725378,13.860550458715597,7.0,Low_Rubber,20
62.85237698081735,314.26188490408674,0.0,61.663075560168856,13.884570475396165,7.0,Low_Rubber,20
62.95246038365305,314.7623019182652,0.0,58.39917297861215,13.908590492076732,7.0,Low_Rubber,20
63.05254378648874,315.2627189324437,0.0,60.13129822451905,13.932610508757298,7.0,Low_Rubber,20
63.15262718932444,315.7631359466222,0.0,59.375340633827435,13.956630525437866,7.0,Low_Rubber,20
63.252710592160135,316.26355296080067,0.0,59.870147715909596,13.980650542118433,7.0,Low_Rubber,20
63.352793994995835,316.7639699749792,0.0,60.168259265488736,14.004670558799,7.0,Low_Rubber,20
63.45287739783153,317.26438698915763,0.0,63.21669213294296,14.028690575479567,7.0,Low_Rubber,20
63.55296080066722,317.7648040033361,0.0,50.32603707899216,14.052710592160134,7.0,Low_Rubber,20
63.65304420350292,318.2652210175146,0.0,56.32647343303957,14.0767306088407,7.0,Low_Rubber,20
63.753127606338616,318.7656380316931,0.0,59.945262428567176,14.100750625521266,7.0,Low_Rubber,20
63.853211009174316,319.26605504587155,0.0,56.35429964523654,14.124770642201835,7.0,Low_Rubber,20
63.95329441201001,319.76647206005003,0.0,49.91103462948094,14.148790658882401,7.0,Low_Rubber,20
64.0533778148457,320.2668890742285,0.0,62.31914576052355,14.172810675562967,7.0,Low_Rubber,20
64.1534612176814,320.767306088407,0.0,57.91126975929005,14.196830692243536,7.0,Low_Rubber,20
64.2535446205171,321.26772310258553,0.0,64.19167175696002,14.220850708924106,7.0,Low_Rubber,20
64.3536280233528,321.768140116764,0.0,58.44425305453933,14.244870725604672,7.0,Low_Rubber,20
64.45371142618849,322.26855713094244,0.0,58.708388644541365,14.268890742285237,7.0,Low_Rubber,20
64.55379482902418,322.7689741451209,0.0,55.48251591247268,14.292910758965803,7.0,Low_Rubber,20
64.65387823185989,323.26939115929946,0.0,68.55610652487988,14.316930775646373,7.0,Low_Rubber,20
64.75396163469559,323.76980817347794,0.0,57.37348071900387,14.340950792326941,7.0,Low_Rubber,20
64.85404503753128,324.27022518765637,0.0,65.49248080080272,14.364970809007506,7.0,Low_Rubber,20
64.95412844036697,324.77064220183485,0.0,61.190571549926105,14.388990825688072,7.0,Low_Rubber,20
65.05421184320267,325.2710592160133,0.0,58.032948720907726,14.413010842368639,7.0,Low_Rubber,20
65.15429524603837,325.77147623019187,0.0,61.8691649112064,14.437030859049209,7.0,Low_Rubber,20
65.25437864887407,326.27189324437035,0.0,55.4733839469297,14.461050875729777,7.0,Low_Rubber,20
65.35446205170976,326.7723102585488,0.0,56.20628300964995,14.485070892410343,7.0,Low_Rubber,20
65.45454545454545,327.27272727272725,0.0,68.38635214598523,14.509090909090908,7.0,Low_Rubber,20
65.55462885738115,327.77314428690573,0.0,63.64404215958605,14.533110925771474,7.0,Low_Rubber,20
65.65471226021685,328.27356130108427,0.0,61.822101621447985,14.557130942452044,7.0,Low_Rubber,20
65.75479566305255,328.77397831526275,0.0,58.93162261002636,14.581150959132612,7.0,Low_Rubber,20
65.85487906588824,329.2743953294412,0.0,56.823933732190696,14.605170975813177,7.0,Low_Rubber,20
65.95496246872393,329.77481234361966,0.0,60.11600632723184,14.629190992493744,7.0,Low_Rubber,20
66.05504587155964,330.2752293577982,0.0,60.35006208704115,14.653211009174314,7.0,Low_Rubber,20
66.15512927439534,330.7756463719767,0.0,57.02574884153472,14.67723102585488,7.0,Low_Rubber,20
66.25521267723103,331.27606338615516,0.0,61.029854136971,14.701251042535448,7.0,Low_Rubber,20
66.35529608006672,331.77648040033364,0.0,63.690556037506894,14.725271059216015,7.0,Low_Rubber,20
66.45537948290242,332.27689741451206,0.0,59.09691586350557,14.74929107589658,7.0,Low_Rubber,20
66.55546288573812,332.7773144286906,0.0,61.898317504068665,14.77331109257715,7.0,Low_Rubber,20
66.65554628857382,333.2777314428691,0.0,53.96959036817157,14.797331109257716,7.0,Low_Rubber,20
66.75562969140951,333.77814845704756,0.0,57.233694843061706,14.821351125938284,7.0,Low_Rubber,20
66.8557130942452,334.278565471226,0.0,57.62509722179726,14.845371142618848,7.0,Low_Rubber,20
66.9557964970809,334.77898248540447,0.0,54.978349296496376,14.869391159299415,7.0,Low_Rubber,20
67.0558798999166,335.279399499583,0.0,61.858111029796106,14.893411175979985,7.0,Low_Rubber,20
67.1559633027523,335.7798165137615,0.0,61.912916128134896,14.917431192660551,7.0,Low_Rubber,20
67.25604670558799,336.28023352793997,0.0,68.37530281765525,14.94145120934112,7.0,Low_Rubber,20
67.35613010842368,336.78065054211845,0.0,62.25691307945799,14.965471226021686,7.0,Low_Rubber,20
67.45621351125938,337.2810675562969,0.0,59.95960236155805,14.98949124270225,7.0,Low_Rubber,20
67.55629691409509,337.7814845704754,0.0,60.514935427238754,15.01351125938282,7.0,Low_Rubber,20
67.65638031693078,338.2819015846539,0.0,65.68772445481906,15.037531276063387,7.0,Low_Rubber,20
67.75646371976647,338.7823185988324,0.0,52.3800335297355,15.061551292743955,7.0,Low_Rubber,20
67.85654712260217,339.2827356130108,0.0,57.41317754240637,15.08557130942452,7.0,Low_Rubber,20
67.95663052543787,339.78315262718934,0.0,61.184511668315864,15.10959132610509,7.0,Low_Rubber,20
68.05671392827357,340.2835696413678,0.0,67.56312391292293,15.133611342785656,7.0,Low_Rubber,20
68.15679733110926,340.7839866555463,0.0,64.78353608804436,15.157631359466222,7.0,Low_Rubber,20
68.25688073394495,341.2844036697248,0.0,62.15503992350659,15.18165137614679,7.0,Low_Rubber,20
68.35696413678065,341.78482068390326,0.0,64.27387113351651,15.205671392827357,7.0,Low_Rubber,20
68.45704753961635,342.2852376980818,0.0,71.79633584200502,15.229691409507927,7.0,Low_Rubber,20
68.55713094245205,342.7856547122602,0.0,61.16782774921133,15.253711426188492,7.0,Low_Rubber,20
68.65721434528774,343.2860717264387,0.0,60.59439954221439,15.277731442869058,7.0,Low_Rubber,20
68.75729774812343,343.7864887406172,0.0,66.36966704594084,15.301751459549626,7.0,Low_Rubber,20
68.85738115095913,344.2869057547956,0.0,65.69019601151733,15.32577147623019,7.0,Low_Rubber,20
68.95746455379484,344.78732276897415,0.0,67.85937001147977,15.34979149291076,7.0,Low_Rubber,20
69.05754795663053,345.28773978315263,0.0,53.80381986655897,15.373811509591327,7.0,Low_Rubber,20
69.15763135946622,345.7881567973311,0.0,57.080005407585446,15.397831526271894,7.0,Low_Rubber,20
69.25771476230192,346.2885738115096,0.0,62.38120536925021,15.42185154295246,7.0,Low_Rubber,20
69.35779816513762,346.78899082568813,0.0,64.86376141345391,15.445871559633028,7.0,Low_Rubber,20
69.45788156797332,347.2894078398666,0.0,66.42204069586006,15.469891576313598,7.0,Low_Rubber,20
69.55796497080901,347.78982485404504,0.0,63.58314799632108,15.493911592994161,7.0,Low_Rubber,20
69.6580483736447,348.2902418682235,0.0,62.972539276310926,15.517931609674728,7.0,Low_Rubber,20
69.7581317764804,348.790658882402,0.0,60.94598758423474,15.541951626355294,7.0,Low_Rubber,20
69.8582151793161,349.29107589658054,0.0,71.19161458473411,15.565971643035864,7.0,Low_Rubber,20
69.9582985821518,349.79149291075896,0.0,48.15784484359949,15.58999165971643,7.0,Low_Rubber,20
70.05838198498749,350.29190992493744,0.0,64.82462596619042,15.614011676396997,7.0,Low_Rubber,20
70.15846538782318,350.7923269391159,0.0,55.53311130149905,15.638031693077563,7.0,Low_Rubber,20
70.25854879065888,351.2927439532944,0.0,66.72381702881557,15.66205170975813,7.0,Low_Rubber,20
70.35863219349459,351.79316096747294,0.0,63.40240857056673,15.6860717264387,7.0,Low_Rubber,20
70.45871559633028,352.2935779816514,0.0,63.45824633653169,15.71009174311927,7.0,Low_Rubber,20
70.55879899916597,352.79399499582985,0.0,70.28655760873136,15.734111759799832,7.0,Low_Rubber,20
70.65888240200167,353.29441201000833,0.0,71.79765431817233,15.758131776480399,7.0,Low_Rubber,20
70.75896580483737,353.79482902418687,0.0,66.91126248675346,15.782151793160969,7.0,Low_Rubber,20
70.85904920767307,354.29524603836535,0.0,66.17852314530239,15.806171809841535,7.0,Low_Rubber,20
70.95913261050876,354.7956630525438,0.0,55.99779732114828,15.830191826522102,7.0,Low_Rubber,20
71.05921601334445,355.29608006672225,0.0,75.71962813756275,15.854211843202668,7.0,Low_Rubber,20
71.15929941618015,355.79649708090074,0.0,62.66466519805142,15.878231859883234,7.0,Low_Rubber,20
71.25938281901585,356.2969140950793,0.0,61.23556860387958,15.902251876563804,7.0,Low_Rubber,20
71.35946622185155,356.79733110925775,0.0,64.27673934850851,15.92627189324437,7.0,Low_Rubber,20
71.45954962468724,357.29774812343624,0.0,63.105562392333404,15.95029190992494,7.0,Low_Rubber,20
71.55963302752293,357.79816513761466,0.0,61.270283720971214,15.974311926605504,7.0,Low_Rubber,20
71.65971643035863,358.29858215179314,0.0,65.21742664291085,15.99833194328607,7.0,Low_Rubber,20
71.75979983319434,358.7989991659717,0.0,65.73928164949396,16.02235195996664,7.0,Low_Rubber,20
71.85988323603003,359.29941618015016,0.0,60.344492077841736,16.046371976647208,7.0,Low_Rubber,20
71.95996663886572,359.7998331943286,0.0,61.59570659440692,16.070391993327775,7.0,Low_Rubber,20
72.06005004170142,360.30025020850707,0.0,61.00173113763258,16.09441201000834,7.0,Low_Rubber,20
72.16013344453711,360.80066722268555,0.0,65.91881694226048,16.118432026688907,7.0,Low_Rubber,20
72.26021684737282,361.3010842368641,0.0,64.3561307364923,16.142452043369474,7.0,Low_Rubber,20
72.36030025020851,361.80150125104257,0.0,62.9267696633642,16.16647206005004,7.0,Low_Rubber,20
72.4603836530442,362.30191826522105,0.0,62.924268072786674,16.19049207673061,7.0,Low_Rubber,20
72.5604670558799,362.8023352793995,0.0,68.86126418758693,16.214512093411173,7.0,Low_Rubber,20
72.6605504587156,363.302752293578,0.0,56.84319610008317,16.238532110091743,7.0,Low_Rubber,20
72.7606338615513,363.8031693077565,0.0,64.37125694483606,16.26255212677231,7.0,Low_Rubber,20
72.86071726438699,364.303586321935,0.0,58.563609028113035,16.286572143452876,7.0,Low_Rubber,20
72.96080066722268,364.8040033361134,0.0,70.68841774158722,16.310592160133442,7.0,Low_Rubber,20
73.06088407005838,365.3044203502919,0.0,64.37618639410817,16.33461217681401,7.0,Low_Rubber,20
73.16096747289409,365.8048373644704,0.0,68.7863149184139,16.35863219349458,7.0,Low_Rubber,20
73.26105087572978,366.3052543786489,0.0,69.89732026932003,16.382652210175145,7.0,Low_Rubber,20
73.36113427856547,366.8056713928274,0.0,65.00828515069324,16.40667222685571,7.0,Low_Rubber,20
73.46121768140117,367.30608840700586,0.0,68.32904713213517,16.43069224353628,7.0,Low_Rubber,20
73.56130108423686,367.8065054211843,0.0,55.11119004904948,16.454712260216844,7.0,Low_Rubber,20
73.66138448707257,368.3069224353628,0.0,70.79093530607666,16.478732276897414,7.0,Low_Rubber,20
73.76146788990826,368.8073394495413,0.0,67.92927387462436,16.50275229357798,7.0,Low_Rubber,20
73.86155129274395,369.3077564637198,0.0,69.50387816460882,16.526772310258547,7.0,Low_Rubber,20
73.96163469557965,369.8081734778982,0.0,66.01178153227326,16.550792326939114,7.0,Low_Rubber,20
74.06171809841535,370.30859049207675,0.0,59.68747093447918,16.574812343619683,7.0,Low_Rubber,20
74.16180150125105,370.8090075062552,0.0,65.34998282600404,16.59883236030025,7.0,Low_Rubber,20
74.26188490408674,371.3094245204337,0.0,62.17308073999223,16.622852376980816,7.0,Low_Rubber,20
74.36196830692244,371.8098415346122,0.0,65.68143335526268,16.646872393661383,7.0,Low_Rubber,20
74.46205170975813,372.31025854879067,0.0,68.65833813955457,16.670892410341953,7.0,Low_Rubber,20
74.56213511259384,372.8106755629692,0.0,63.78164463527153,16.694912427022523,7.0,Low_Rubber,20
74.66221851542953,373.31109257714763,0.0,63.47979123829596,16.718932443703086,7.0,Low_Rubber,20
74.76230191826522,373.8115095913261,0.0,57.284119426995424,16.742952460383652,7.0,Low_Rubber,20
74.86238532110092,374.3119266055046,0.0,66.29885980149439,16.76697247706422,7.0,Low_Rubber,20
74.96246872393661,374.812343619683,0.0,67.53672743259075,16.790992493744785,7.0,Low_Rubber,20
75.06255212677232,375.31276063386156,0.0,62.56756552782183,16.815012510425355,7.0,Low_Rubber,20
75.16263552960801,375.81317764804004,0.0,69.58365843616548,16.83903252710592,7.0,Low_Rubber,20
75.2627189324437,376.3135946622185,0.0,72.48620412924149,16.863052543786488,7.0,Low_Rubber,20
75.3628023352794,376.814011676397,0.0,55.47385016608803,16.887072560467054,7.0,Low_Rubber,20
75.4628857381151,377.31442869057554,0.0,68.67786251118949,16.911092577147624,7.0,Low_Rubber,20
75.5629691409508,377.814845704754,0.0,64.49457905688689,16.935112593828194,7.0,Low_Rubber,20
75.66305254378649,378.31526271893244,0.0,67.75903528645291,16.959132610508757,7.0,Low_Rubber,20
75.76313594662219,378.8156797331109,0.0,65.62833052941644,16.983152627189323,7.0,Low_Rubber,20
75.86321934945788,379.3160967472894,0.0,70.04571304621331,17.00717264386989,7.0,Low_Rubber,20
75.96330275229359,379.81651376146795,0.0,56.736738521108464,17.03119266055046,7.0,Low_Rubber,20
76.06338615512928,380.31693077564637,0.0,65.28321129607394,17.055212677231026,7.0,Low_Rubber,20
76.16346955796497,380.81734778982485,0.0,67.8623458009169,17.079232693911592,7.0,Low_Rubber,20
76.26355296080067,381.31776480400333,0.0,66.14901398702123,17.10325271059216,7.0,Low_Rubber,20
76.36363636363636,381.8181818181818,0.0,66.9806577768886,17.127272727272725,7.0,Low_Rubber,20
76.46371976647207,382.31859883236035,0.0,68.83354236218446,17.151292743953295,7.0,Low_Rubber,20
76.56380316930776,382.81901584653883,0.0,66.63856575136607,17.175312760633865,7.0,Low_Rubber,20
76.66388657214345,383.31943286071726,0.0,56.77333549808387,17.199332777314428,7.0,Low_Rubber,20
76.76396997497915,383.81984987489574,0.0,56.40335233831047,17.223352793994994,7.0,Low_Rubber,20
76.86405337781486,384.3202668890743,0.0,69.90622411739135,17.247372810675564,7.0,Low_Rubber,20
76.96413678065055,384.82068390325276,0.0,61.62428175889755,17.27139282735613,7.0,Low_Rubber,20
77.06422018348624,385.3211009174312,0.0,63.498369715032744,17.295412844036697,7.0,Low_Rubber,20
77.16430358632194,385.82151793160966,0.0,63.01762427305371,17.319432860717264,7.0,Low_Rubber,20
77.26438698915763,386.32193494578814,0.0,58.602344227124476,17.34345287739783,7.0,Low_Rubber,20
77.36447039199334,386.8223519599667,0.0,68.68555425787254,17.3674728940784,7.0,Low_Rubber,20
77.46455379482903,387.32276897414516,0.0,80.34694421562995,17.391492910758966,7.0,Low_Rubber,20
77.56463719766472,387.82318598832364,0.0,66.1167850682267,17.415512927439536,7.0,Low_Rubber,20
77.66472060050042,388.32360300250207,0.0,63.460222975912295,17.4395329441201,7.0,Low_Rubber,20
77.76480400333611,388.82402001668055,0.0,60.747231789783825,17.463552960800666,7.0,Low_Rubber,20
77.86488740617182,389.3244370308591,0.0,69.84221265355072,17.487572977481236,7.0,Low_Rubber,20
77.96497080900751,389.82485404503757,0.0,63.184284520286475,17.511592994161802,7.0,Low_Rubber,20
78.0650542118432,390.325271059216,0.0,68.63579996252577,17.53561301084237,7.0,Low_Rubber,20
78.1651376146789,390.8256880733945,0.0,76.83274366550117,17.559633027522935,7.0,Low_Rubber,20
78.26522101751459,391.32610508757296,0.0,65.20580916362931,17.5836530442035,7.0,Low_Rubber,20
78.3653044203503,391.8265221017515,0.0,72.40571633230593,17.60767306088407,7.0,Low_Rubber,20
78.46538782318599,392.32693911593,0.0,73.46797521318597,17.631693077564638,7.0,Low_Rubber,20
78.56547122602169,392.82735613010846,0.0,61.61966137395396,17.655713094245208,7.0,Low_Rubber,20
78.66555462885738,393.3277731442869,0.0,66.32492454024387,17.67973311092577,7.0,Low_Rubber,20
78.76563803169309,393.8281901584654,0.0,62.39384715377691,17.70375312760634,7.0,Low_Rubber,20
78.86572143452878,394.3286071726439,0.0,57.38763944466766,17.727773144286907,7.0,Low_Rubber,20
78.96580483736447,394.8290241868224,0.0,66.03774427533708,17.751793160967473,7.0,Low_Rubber,20
79.06588824020017,395.3294412010008,0.0,70.04303757905979,17.77581317764804,7.0,Low_Rubber,20
79.16597164303586,395.8298582151793,0.0,65.13988099205763,17.799833194328606,7.0,Low_Rubber,20
79.26605504587157,396.3302752293578,0.0,65.66421756400399,17.823853211009176,7.0,Low_Rubber,20
79.36613844870726,396.8306922435363,0.0,70.48240068611794,17.847873227689742,7.0,Low_Rubber,20
79.46622185154295,397.3311092577148,0.0,61.615484274393474,17.87189324437031,7.0,Low_Rubber,20
79.56630525437865,397.83152627189327,0.0,73.26676147347054,17.89591326105088,7.0,Low_Rubber,20
79.66638865721434,398.3319432860717,0.0,71.85963161162235,17.91993327773144,7.0,Low_Rubber,20
79.76647206005005,398.83236030025023,0.0,68.26324676351248,17.94395329441201,7.0,Low_Rubber,20
79.86655546288574,399.3327773144287,0.0,65.9042930716071,17.967973311092578,7.0,Low_Rubber,20
79.96663886572144,399.8331943286072,0.0,70.86371332641919,17.991993327773145,7.0,Low_Rubber,20
80.06672226855713,400.3336113427856,0.0,63.11630267402501,18.01601334445371,7.0,Low_Rubber,20
80.16680567139284,400.83402835696415,0.0,65.5540919026731,18.04003336113428,7.0,Low_Rubber,20
80.26688907422853,401.33444537114264,0.0,80.70220194374811,18.064053377814847,7.0,Low_Rubber,20
80.36697247706422,401.8348623853211,0.0,64.17806645820285,18.088073394495414,7.0,Low_Rubber,20
80.46705587989992,402.3352793994996,0.0,58.6451816171404,18.11209341117598,7.0,Low_Rubber,20
80.56713928273561,402.8356964136781,0.0,73.74104089385548,18.13611342785655,7.0,Low_Rubber,20
80.66722268557132,403.3361134278566,0.0,63.74675939773539,18.16013344453712,7.0,Low_Rubber,20
80.76730608840701,403.83653044203504,0.0,65.02864696777566,18.184153461217683,7.0,Low_Rubber,20
80.8673894912427,404.3369474562135,0.0,65.37464682309226,18.20817347789825,7.0,Low_Rubber,20
80.9674728940784,404.837364470392,0.0,64.34692565709054,18.232193494578816,7.0,Low_Rubber,20
81.06755629691409,405.3377814845704,0.0,66.78360635841418,18.256213511259382,7.0,Low_Rubber,20
81.1676396997498,405.83819849874897,0.0,63.98331385863522,18.280233527939952,7.0,Low_Rubber,20
81.26772310258549,406.33861551292745,0.0,69.47469049858802,18.30425354462052,7.0,Low_Rubber,20
81.36780650542119,406.8390325271059,0.0,73.33418060371979,18.328273561301085,7.0,Low_Rubber,20
81.46788990825688,407.3394495412844,0.0,68.14948377909984,18.35229357798165,7.0,Low_Rubber,20
81.56797331109259,407.83986655546295,0.0,71.71024857149733,18.37631359466222,7.0,Low_Rubber,20
81.66805671392828,408.34028356964143,0.0,63.61196561350397,18.40033361134279,7.0,Low_Rubber,20
81.76814011676397,408.84070058381985,0.0,73.35252726889942,18.424353628023354,7.0,Low_Rubber,20
81.86822351959967,409.34111759799833,0.0,63.055092705447976,18.44837364470392,7.0,Low_Rubber,20
81.96830692243536,409.8415346121768,0.0,66.49968812852072,18.47239366138449,7.0,Low_Rubber,20
82.06839032527107,410.34195162635535,0.0,69.45830902263445,18.49641367806506,7.0,Low_Rubber,20
82.16847372810676,410.8423686405338,0.0,68.68685929739836,18.520433694745623,7.0,Low_Rubber,20
82.26855713094245,411.34278565471226,0.0,76.47872825020038,18.54445371142619,7.0,Low_Rubber,20
82.36864053377815,411.84320266889074,0.0,68.97888957873381,18.568473728106756,7.0,Low_Rubber,20
82.46872393661384,412.3436196830692,0.0,66.76299620394143,18.592493744787326,7.0,Low_Rubber,20
82.56880733944955,412.84403669724776,0.0,66.0165296560192,18.616513761467896,7.0,Low_Rubber,20
82.66889074228524,413.34445371142624,0.0,71.74270272367178,18.640533778148463,7.0,Low_Rubber,20
82.76897414512094,413.84487072560466,0.0,62.56923434209901,18.664553794829025,7.0,Low_Rubber,20
82.86905754795663,414.34528773978315,0.0,64.22053243073061,18.688573811509592,7.0,Low_Rubber,20
82.96914095079232,414.8457047539616,0.0,66.4322393464983,18.712593828190162,7.0,Low_Rubber,20
83.06922435362803,415.34612176814016,0.0,66.13570109892996,18.73661384487073,7.0,Low_Rubber,20
83.16930775646372,415.8465387823186,0.0,63.48228579982235,18.760633861551295,7.0,Low_Rubber,20
83.26939115929942,416.34695579649707,0.0,57.38827998827253,18.78465387823186,7.0,Low_Rubber,20
83.36947456213511,416.84737281067555,0.0,69.79281745469244,18.808673894912427,7.0,Low_Rubber,20
83.46955796497082,417.3477898248541,0.0,76.87062672492482,18.832693911592994,7.0,Low_Rubber,20
83.56964136780651,417.84820683903257,0.0,68.91363568810445,18.856713928273564,7.0,Low_Rubber,20
83.6697247706422,418.34862385321105,0.0,64.98609677545848,18.88073394495413,7.0,Low_Rubber,20
83.7698081734779,418.8490408673895,0.0,71.54204760740545,18.904753961634693,7.0,Low_Rubber,20
83.86989157631359,419.34945788156796,0.0,72.77791078581846,18.92877397831526,7.0,Low_Rubber,20
83.9699749791493,419.8498748957465,0.0,66.3997435646759,18.95279399499583,7.0,Low_Rubber,20
84.07005838198499,420.350291909925,0.0,64.30792033216625,18.9768140116764,7.0,Low_Rubber,20
84.17014178482069,420.8507089241034,0.0,72.04053334597234,19.000834028356962,7.0,Low_Rubber,20
84.27022518765638,421.3511259382819,0.0,78.880532889986,19.02485404503753,7.0,Low_Rubber,20
84.37030859049207,421.85154295246036,0.0,74.92379390791572,19.048874061718095,7.0,Low_Rubber,20
84.47039199332778,422.3519599666389,0.0,69.29811584072715,19.072894078398665,7.0,Low_Rubber,20
84.57047539616347,422.8523769808174,0.0,69.86604086986621,19.096914095079235,7.0,Low_Rubber,20
84.67055879899917,423.35279399499586,0.0,82.17609669397876,19.1209341117598,7.0,Low_Rubber,20
84.77064220183486,423.8532110091743,0.0,83.53255366338472,19.144954128440364,7.0,Low_Rubber,20
84.87072560467057,424.3536280233528,0.0,85.07652895493841,19.168974145120934,7.0,Low_Rubber,20
84.97080900750626,424.8540450375313,0.0,112.85051722153736,19.1929941618015,7.0,Low_Rubber,20
85.07089241034195,425.3544620517098,1.0,144.5592908312206,79.91464319412478,7.0,Low_Rubber,20
85.17097581317765,425.8548790658882,0.0,104.01705251616221,19.241034195162634,7.0,Low_Rubber,20
85.27105921601334,426.3552960800667,0.0,95.4341463011124,19.2650542118432,7.0,Low_Rubber,20
85.37114261884905,426.85571309424523,0.0,89.90079380524408,19.28907422852377,7.0,Low_Rubber,20
85.47122602168474,427.3561301084237,0.0,77.81855281491511,19.313094245204336,7.0,Low_Rubber,20
85.57130942452044,427.8565471226022,0.0,75.04916817104146,19.337114261884906,7.0,Low_Rubber,20
85.67139282735613,428.3569641367807,0.0,75.23506875931935,19.361134278565473,7.0,Low_Rubber,20
85.77147623019182,428.8573811509591,0.0,70.47049191361263,19.385154295246036,7.0,Low_Rubber,20
85.87155963302753,429.35779816513764,0.0,66.14971672075453,19.409174311926606,7.0,Low_Rubber,20
85.97164303586322,429.8582151793161,0.0,59.29001440873712,19.433194328607172,7.0,Low_Rubber,20
86.07172643869892,430.3586321934946,0.0,77.21673893433903,19.457214345287742,7.0,Low_Rubber,20
86.17180984153461,430.859049207673,0.0,68.0455469515436,19.481234361968305,7.0,Low_Rubber,20
86.27189324437032,431.35946622185156,0.0,73.54089997813432,19.505254378648875,7.0,Low_Rubber,20
86.37197664720601,431.85988323603004,0.0,76.40411361417057,19.52927439532944,7.0,Low_Rubber,20
86.4720600500417,432.3603002502085,0.0,79.51534844388596,19.553294412010008,7.0,Low_Rubber,20
86.5721434528774,432.860717264387,0.0,74.2069606568875,19.577314428690578,7.0,Low_Rubber,20
86.67222685571309,433.3611342785655,0.0,72.84958315109665,19.601334445371144,7.0,Low_Rubber,20
86.7723102585488,433.861551292744,0.0,69.9194701582809,19.625354462051714,7.0,Low_Rubber,20
86.87239366138449,434.36196830692245,0.0,65.00046593703124,19.649374478732277,7.0,Low_Rubber,20
86.97247706422019,434.86238532110093,0.0,62.20617597994131,19.673394495412843,7.0,Low_Rubber,20
87.07256046705588,435.3628023352794,0.0,67.45697433604106,19.697414512093413,7.0,Low_Rubber,20
87.17264386989157,435.86321934945784,0.0,69.86459707855094,19.721434528773976,7.0,Low_Rubber,20
87.27272727272728,436.3636363636364,0.0,63.10068541488836,19.745454545454546,7.0,Low_Rubber,20
87.37281067556297,436.86405337781486,0.0,74.8349513116444,19.769474562135112,7.0,Low_Rubber,20
87.47289407839867,437.36447039199334,0.0,75.82153941754603,19.79349457881568,7.0,Low_Rubber,20
87.57297748123436,437.8648874061718,0.0,70.10645042264863,19.81751459549625,7.0,Low_Rubber,20
87.67306088407005,438.3653044203503,0.0,73.75592432859344,19.841534612176815,7.0,Low_Rubber,20
87.77314428690576,438.86572143452884,0.0,78.58128293157259,19.865554628857385,7.0,Low_Rubber,20
87.87322768974146,439.36613844870726,0.0,71.78349577314765,19.889574645537948,7.0,Low_Rubber,20
87.97331109257715,439.86655546288574,0.0,66.20038679977233,19.913594662218514,7.0,Low_Rubber,20
88.07339449541284,440.3669724770642,0.0,66.26433500286156,19.937614678899084,7.0,Low_Rubber,20
88.17347789824855,440.86738949124276,0.0,69.33377848338701,19.961634695579654,7.0,Low_Rubber,20
88.27356130108424,441.3678065054212,0.0,77.37851467422823,19.985654712260217,7.0,Low_Rubber,20
88.37364470391994,441.86822351959967,0.0,66.5451571361994,20.009674728940784,7.0,Low_Rubber,20
88.47372810675563,442.36864053377815,0.0,77.91209561266842,20.03369474562135,7.0,Low_Rubber,20
88.57381150959132,442.86905754795663,0.0,78.46207807881615,20.05771476230192,7.0,Low_Rubber,20
88.67389491242703,443.36947456213517,0.0,70.48313193489126,20.08173477898249,7.0,Low_Rubber,20
88.77397831526272,443.86989157631365,0.0,77.45466158170987,20.105754795663056,7.0,Low_Rubber,20
88.87406171809842,444.3703085904921,0.0,64.93944685642288,20.12977481234362,7.0,Low_Rubber,20
88.97414512093411,444.87072560467055,0.0,77.05379728390406,20.153794829024186,7.0,Low_Rubber,20
89.0742285237698,445.37114261884903,0.0,60.16297664561275,20.177814845704756,7.0,Low_Rubber,20
89.17431192660551,445.8715596330276,0.0,77.84177090651045,20.201834862385326,7.0,Low_Rubber,20
89.2743953294412,446.371976647206,0.0,72.28573436818756,20.22585487906589,7.0,Low_Rubber,20
89.3744787322769,446.8723936613845,0.0,67.93921506866084,20.249874895746455,7.0,Low_Rubber,20
89.47456213511259,447.37281067556296,0.0,77.07857278072336,20.27389491242702,7.0,Low_Rubber,20
89.5746455379483,447.8732276897415,0.0,60.406160751690116,20.29791492910759,7.0,Low_Rubber,20
89.674728940784,448.37364470392,0.0,70.8232817784373,20.32193494578816,7.0,Low_Rubber,20
89.77481234361969,448.87406171809846,0.0,77.04352783744872,20.345954962468728,7.0,Low_Rubber,20
89.87489574645538,449.3744787322769,0.0,75.70862935318381,20.36997497914929,7.0,Low_Rubber,20
89.97497914929107,449.87489574645537,0.0,65.42668768983654,20.393994995829857,7.0,Low_Rubber,20
90.07506255212678,450.3753127606339,0.0,73.09145289378787,20.418015012510427,7.0,Low_Rubber,20
90.17514595496247,450.8757297748124,0.0,67.40547026489223,20.442035029190997,7.0,Low_Rubber,20
90.27522935779817,451.3761467889908,0.0,74.18432195811839,20.46605504587156,7.0,Low_Rubber,20
90.37531276063386,451.8765638031693,0.0,77.79976712845965,20.490075062552126,7.0,Low_Rubber,20
90.47539616346955,452.37698081734777,0.0,65.63732318480794,20.514095079232693,7.0,Low_Rubber,20
90.57547956630526,452.8773978315263,0.0,71.7552232054142,20.538115095913263,7.0,Low_Rubber,20
90.67556296914096,453.3778148457048,0.0,73.78865060829887,20.562135112593833,7.0,Low_Rubber,20
90.77564637197665,453.8782318598833,0.0,72.84300706371565,20.5861551292744,7.0,Low_Rubber,20
90.87572977481234,454.3786488740617,0.0,68.9586898374674,20.610175145954962,7.0,Low_Rubber,20
90.97581317764805,454.87906588824023,0.0,83.58007158935163,20.63419516263553,7.0,Low_Rubber,20
91.07589658048374,455.3794829024187,0.0,74.95813886081153,20.658215179316098,7.0,Low_Rubber,20
91.17597998331944,455.8798999165972,0.0,73.20781565110464,20.682235195996668,7.0,Low_Rubber,20
91.27606338615513,456.3803169307756,0.0,78.56200344296369,20.70625521267723,7.0,Low_Rubber,20
91.37614678899082,456.8807339449541,0.0,68.1372917636137,20.730275229357797,7.0,Low_Rubber,20
91.47623019182653,457.38115095913264,0.0,71.77824531578001,20.754295246038367,7.0,Low_Rubber,20
91.57631359466222,457.8815679733111,0.0,76.62538446172114,20.778315262718934,7.0,Low_Rubber,20
91.67639699749792,458.3819849874896,0.0,77.52974151116331,20.802335279399504,7.0,Low_Rubber,20
91.77648040033361,458.8824020016681,0.0,86.70128832366242,20.82635529608007,7.0,Low_Rubber,20
91.8765638031693,459.3828190158465,0.0,70.09896461137788,20.850375312760633,7.0,Low_Rubber,20
91.97664720600501,459.88323603002505,0.0,70.8708031012485,20.874395329441203,7.0,Low_Rubber,20
92.0767306088407,460.3836530442035,0.0,71.40239285123204,20.89841534612177,7.0,Low_Rubber,20
92.1768140116764,460.884070058382,0.0,83.421049054246,20.92243536280234,7.0,Low_Rubber,20
92.27689741451209,461.38448707256043,0.0,78.824202576937,20.946455379482902,7.0,Low_Rubber,20
92.37698081734779,461.8849040867389,0.0,96.01272588454329,20.97047539616347,7.0,Low_Rubber,20
92.4770642201835,462.38532110091745,0.0,105.21781020312804,20.99449541284404,7.0,Low_Rubber,20
92.57714762301919,462.88573811509593,0.0,115.04033689049848,21.018515429524605,7.0,Low_Rubber,20
92.67723102585488,463.3861551292744,1.0,154.14274944092284,59.58195308862904,7.0,Low_Rubber,20
92.77731442869057,463.8865721434529,0.0,118.27025062473949,21.06655546288574,7.0,Low_Rubber,20
92.87739783152628,464.38698915763143,0.0,98.1869446218144,21.09057547956631,7.0,Low_Rubber,20
92.97748123436197,464.88740617180986,0.0,93.23246713714673,21.114595496246874,7.0,Low_Rubber,20
93.07756463719767,465.38782318598834,0.0,77.9433422464449,21.13861551292744,7.0,Low_Rubber,20
93.17764804003336,465.8882402001668,0.0,75.73955143555405,21.16263552960801,7.0,Low_Rubber,20
93.27773144286905,466.38865721434524,0.0,81.6522402045203,21.186655546288574,7.0,Low_Rubber,20
93.37781484570476,466.8890742285238,0.0,86.4049322373148,21.210675562969143,7.0,Low_Rubber,20
93.47789824854046,467.38949124270226,0.0,79.16452246894033,21.23469557964971,7.0,Low_Rubber,20
93.57798165137615,467.88990825688074,0.0,69.37863517486963,21.258715596330276,7.0,Low_Rubber,20
93.67806505421184,468.3903252710592,0.0,74.02534140393199,21.282735613010846,7.0,Low_Rubber,20
93.77814845704754,468.8907422852377,0.0,76.0034215072878,21.306755629691413,7.0,Low_Rubber,20
93.87823185988324,469.39115929941624,0.0,81.87866690303406,21.330775646371983,7.0,Low_Rubber,20
93.97831526271894,469.89157631359467,0.0,78.16213995850202,21.354795663052546,7.0,Low_Rubber,20
94.07839866555463,470.39199332777315,0.0,71.34696141434598,21.378815679733112,7.0,Low_Rubber,20
94.17848206839032,470.89241034195163,0.0,65.16763026764713,21.402835696413682,7.0,Low_Rubber,20
94.27856547122603,471.39282735613017,0.0,69.22292609768596,21.42685571309425,7.0,Low_Rubber,20
94.37864887406172,471.8932443703086,0.0,76.92250863915729,21.450875729774815,7.0,Low_Rubber,20
94.47873227689742,472.3936613844871,0.0,79.1979188722622,21.47489574645538,7.0,Low_Rubber,20
94.57881567973311,472.89407839866556,0.0,84.58771836479292,21.498915763135948,7.0,Low_Rubber,20
94.6788990825688,473.39449541284404,0.0,76.10740383400034,21.522935779816514,7.0,Low_Rubber,20
94.77898248540451,473.8949124270226,0.0,78.26272423484313,21.546955796497084,7.0,Low_Rubber,20
94.8790658882402,474.39532944120106,0.0,81.83040537746955,21.57097581317765,7.0,Low_Rubber,20
94.9791492910759,474.8957464553795,0.0,81.032709765281,21.594995829858213,7.0,Low_Rubber,20
95.07923269391159,475.39616346955796,0.0,71.25079001827648,21.61901584653878,7.0,Low_Rubber,20
95.17931609674729,475.89658048373644,0.0,76.87633687912519,21.64303586321935,7.0,Low_Rubber,20
95.279399499583,476.396997497915,0.0,81.21696849882355,21.66705587989992,7.0,Low_Rubber,20
95.37948290241869,476.8974145120934,0.0,68.55489914519643,21.691075896580482,7.0,Low_Rubber,20
95.47956630525438,477.3978315262719,0.0,69.99435852999139,21.71509591326105,7.0,Low_Rubber,20
95.57964970809007,477.89824854045037,0.0,70.8535693811109,21.739115929941615,7.0,Low_Rubber,20
95.67973311092578,478.3986655546289,0.0,82.11728587953296,21.763135946622185,7.0,Low_Rubber,20
95.77981651376147,478.8990825688074,0.0,72.90838403106832,21.787155963302755,7.0,Low_Rubber,20
95.87989991659717,479.39949958298587,0.0,65.27836207803264,21.81117597998332,7.0,Low_Rubber,20
95.97998331943286,479.8999165971643,0.0,72.31588027804665,21.835195996663884,7.0,Low_Rubber,20
96.08006672226855,480.4003336113428,0.0,73.2393703868469,21.85921601334445,7.0,Low_Rubber,20
96.18015012510426,480.9007506255213,0.0,77.58627369466944,21.88323603002502,7.0,Low_Rubber,20
96.28023352793996,481.4011676396998,0.0,78.03338190974608,21.90725604670559,7.0,Low_Rubber,20
96.38031693077565,481.9015846538782,0.0,78.53270031038019,21.931276063386154,7.0,Low_Rubber,20
96.48040033361134,482.4020016680567,0.0,69.4565566355883,21.95529608006672,7.0,Low_Rubber,20
96.58048373644704,482.9024186822352,0.0,76.27200080501666,21.979316096747286,7.0,Low_Rubber,20
96.68056713928274,483.4028356964137,0.0,70.3372491822611,22.003336113427856,7.0,Low_Rubber,20
96.78065054211844,483.9032527105922,0.0,71.29808960878364,22.027356130108426,7.0,Low_Rubber,20
96.88073394495413,484.4036697247707,0.0,83.53548504761946,22.051376146788993,7.0,Low_Rubber,20
96.98081734778982,484.9040867389491,0.0,70.4010196283871,22.075396163469556,7.0,Low_Rubber,20
97.08090075062553,485.40450375312764,0.0,70.30097223768131,22.099416180150126,7.0,Low_Rubber,20
97.18098415346122,485.9049207673061,0.0,74.59651204595832,22.123436196830692,7.0,Low_Rubber,20
97.28106755629692,486.4053377814846,0.0,81.27477519516128,22.147456213511262,7.0,Low_Rubber,20
97.38115095913261,486.90575479566303,0.0,73.30809689479437,22.171476230191825,7.0,Low_Rubber,20
97.4812343619683,487.4061718098415,0.0,74.00639302505164,22.19549624687239,7.0,Low_Rubber,20
97.58131776480401,487.90658882402005,0.0,75.57187681117634,22.21951626355296,7.0,Low_Rubber,20
97.6814011676397,488.40700583819853,0.0,72.05448998376579,22.243536280233528,7.0,Low_Rubber,20
97.7814845704754,488.907422852377,0.0,81.17145370606897,22.267556296914098,7.0,Low_Rubber,20
97.88156797331109,489.4078398665555,0.0,79.01096792154829,22.291576313594664,7.0,Low_Rubber,20
97.98165137614679,489.9082568807339,0.0,77.18145439747369,22.315596330275227,7.0,Low_Rubber,20
98.0817347789825,490.40867389491245,0.0,72.06967093330567,22.339616346955797,7.0,Low_Rubber,20
98.18181818181819,490.90909090909093,0.0,81.18629196936236,22.363636363636363,7.0,Low_Rubber,20
98.28190158465388,491.4095079232694,0.0,73.5909008473704,22.387656380316933,7.0,Low_Rubber,20
98.38198498748957,491.90992493744784,0.0,75.01420921591034,22.411676396997496,7.0,Low_Rubber,20
98.48206839032527,492.4103419516263,0.0,74.8949816947628,22.435696413678063,7.0,Low_Rubber,20
98.58215179316097,492.91075896580486,0.0,82.98918325571572,22.459716430358633,7.0,Low_Rubber,20
98.68223519599667,493.41117597998334,0.0,78.06008791220303,22.4837364470392,7.0,Low_Rubber,20
98.78231859883236,493.9115929941618,0.0,76.88906363149839,22.50775646371977,7.0,Low_Rubber,20
98.88240200166805,494.4120100083403,0.0,77.70153131299809,22.531776480400335,7.0,Low_Rubber,20
98.98248540450376,494.91242702251884,0.0,72.16459605097785,22.555796497080905,7.0,Low_Rubber,20
99.08256880733946,495.41284403669727,0.0,79.06156509930685,22.579816513761468,7.0,Low_Rubber,20
99.18265221017515,495.91326105087575,0.0,69.32756465218854,22.603836530442035,7.0,Low_Rubber,20
99.28273561301084,496.4136780650542,0.0,74.47286045927058,22.627856547122605,7.0,Low_Rubber,20
99.38281901584654,496.91409507923265,0.0,82.99250660921817,22.651876563803167,7.0,Low_Rubber,20
99.48290241868224,497.4145120934112,0.0,92.14113607488912,22.675896580483737,7.0,Low_Rubber,20
99.58298582151794,497.91492910758967,0.0,86.69150967457347,22.699916597164304,7.0,Low_Rubber,20
99.68306922435363,498.41534612176815,0.0,98.02595778811767,22.72393661384487,7.0,Low_Rubber,20
99.78315262718932,498.91576313594663,0.0,126.14655420000523,22.74795663052544,7.0,Low_Rubber,20
99.88323603002502,499.4161801501251,1.0,142.4755313795891,86.94611122506662,7.0,Low_Rubber,20
99.98331943286072,499.91659716430365,0.0,120.20481561861118,22.795996663886577,7.0,Low_Rubber,20
100.08340283569642,500.4170141784821,0.0,94.74271334451164,22.82001668056714,7.0,Low_Rubber,20
100.18348623853211,500.91743119266056,0.0,88.49180006912506,22.844036697247706,7.0,Low_Rubber,20
100.2835696413678,501.41784820683904,0.0,93.3126522736296,22.868056713928276,7.0,Low_Rubber,20
100.38365304420351,501.9182652210176,0.0,72.5139975720006,22.892076730608846,7.0,Low_Rubber,20
100.4837364470392,502.418682235196,0.0,82.31105444822506,22.91609674728941,7.0,Low_Rubber,20
100.5838198498749,502.9190992493745,0.0,78.80804156954017,22.940116763969975,7.0,Low_Rubber,20
100.68390325271059,503.41951626355296,0.0,79.88616479284008,22.96413678065054,7.0,Low_Rubber,20
100.78398665554629,503.91993327773145,0.0,85.35438733969943,22.98815679733111,7.0,Low_Rubber,20
100.884070058382,504.42035029191,0.0,84.8374086623822,23.01217681401168,7.0,Low_Rubber,20
100.98415346121769,504.92076730608846,0.0,74.84204988529126,23.036196830692248,7.0,Low_Rubber,20
101.08423686405338,505.4211843202669,0.0,81.79393114579511,23.06021684737281,7.0,Low_Rubber,20
101.18432026688907,505.92160133444537,0.0,77.46413690393184,23.084236864053377,7.0,Low_Rubber,20
101.28440366972477,506.42201834862385,0.0,74.91400755642624,23.108256880733947,7.0,Low_Rubber,20
101.38448707256047,506.9224353628024,0.0,79.9455814017581,23.132276897414517,7.0,Low_Rubber,20
101.48457047539617,507.4228523769808,0.0,81.4261991011369,23.15629691409508,7.0,Low_Rubber,20
101.58465387823186,507.9232693911593,0.0,79.36527860170342,23.180316930775646,7.0,Low_Rubber,20
101.68473728106756,508.4236864053378,0.0,68.6976208242015,23.204336947456213,7.0,Low_Rubber,20
101.78482068390326,508.9241034195163,0.0,76.55517813465558,23.228356964136783,7.0,Low_Rubber,20
101.88490408673896,509.4245204336948,0.0,75.28527325096049,23.252376980817353,7.0,Low_Rubber,20
101.98498748957465,509.9249374478733,0.0,79.94551259969535,23.27639699749792,7.0,Low_Rubber,20
102.08507089241034,510.4253544620517,0.0,91.30839485113361,23.300417014178482,7.0,Low_Rubber,20
102.18515429524604,510.9257714762302,0.0,71.68954052724486,23.32443703085905,7.0,Low_Rubber,20
102.28523769808174,511.4261884904087,0.0,74.57641798767908,23.34845704753962,7.0,Low_Rubber,20
102.38532110091744,511.9266055045872,0.0,83.24357908152184,23.37247706422019,7.0,Low_Rubber,20
102.48540450375313,512.4270225187656,0.0,84.53907990902778,23.39649708090075,7.0,Low_Rubber,20
102.58548790658882,512.9274395329442,0.0,76.79632492965595,23.42051709758132,7.0,Low_Rubber,20
102.68557130942452,513.4278565471226,0.0,73.0904797690504,23.444537114261884,7.0,Low_Rubber,20
102.78565471226023,513.9282735613011,0.0,82.5840461245583,23.468557130942454,7.0,Low_Rubber,20
102.88573811509592,514.4286905754795,0.0,74.2939528456083,23.49257714762302,7.0,Low_Rubber,20
102.98582151793161,514.9291075896581,0.0,85.63244160665008,23.51659716430359,7.0,Low_Rubber,20
103.0859049207673,515.4295246038365,0.0,75.07913309545596,23.540617180984153,7.0,Low_Rubber,20
103.185988323603,515.9299416180149,0.0,65.16429044261443,23.56463719766472,7.0,Low_Rubber,20
103.2860717264387,516.4303586321935,0.0,80.77223945666013,23.58865721434529,7.0,Low_Rubber,20
103.3861551292744,516.930775646372,0.0,76.38738163445576,23.61267723102586,7.0,Low_Rubber,20
103.4862385321101,517.4311926605504,0.0,82.78718049923836,23.636697247706422,7.0,Low_Rubber,20
103.58632193494579,517.931609674729,0.0,80.09110981021358,23.660717264386992,7.0,Low_Rubber,20
103.6864053377815,518.4320266889075,0.0,73.8408026569923,23.684737281067562,7.0,Low_Rubber,20
103.78648874061719,518.9324437030859,0.0,72.6290097683096,23.708757297748125,7.0,Low_Rubber,20
103.88657214345288,519.4328607172644,0.0,85.21876687512577,23.73277731442869,7.0,Low_Rubber,20
103.98665554628857,519.9332777314429,0.0,69.77338165158119,23.75679733110926,7.0,Low_Rubber,20
104.08673894912427,520.4336947456213,0.0,83.05493012509464,23.780817347789824,7.0,Low_Rubber,20
104.18682235195998,520.9341117597999,0.0,78.77131797765766,23.804837364470394,7.0,Low_Rubber,20
104.28690575479567,521.4345287739784,0.0,82.43370859833274,23.828857381150964,7.0,Low_Rubber,20
104.38698915763136,521.9349457881568,0.0,84.16816389113646,23.85287739783153,7.0,Low_Rubber,20
104.48707256046706,522.4353628023352,0.0,75.30333716682314,23.876897414512094,7.0,Low_Rubber,20
104.58715596330275,522.9357798165138,0.0,76.89709532522696,23.900917431192664,7.0,Low_Rubber,20
104.68723936613846,523.4361968306923,0.0,84.3303223383491,23.924937447873234,7.0,Low_Rubber,20
104.78732276897415,523.9366138448707,0.0,70.30402069950915,23.948957464553796,7.0,Low_Rubber,20
104.88740617180984,524.4370308590492,0.0,82.45284570532773,23.972977481234363,7.0,Low_Rubber,20
104.98748957464554,524.9374478732277,0.0,80.6548362340267,23.996997497914933,7.0,Low_Rubber,20
105.08757297748124,525.4378648874062,0.0,85.73274321820031,24.021017514595503,7.0,Low_Rubber,20
105.18765638031694,525.9382819015847,0.0,80.57757200830682,24.045037531276066,7.0,Low_Rubber,20
105.28773978315263,526.4386989157631,0.0,80.53628498269852,24.069057547956632,7.0,Low_Rubber,20
105.38782318598832,526.9391159299416,0.0,85.97566999331126,24.093077564637202,7.0,Low_Rubber,20
105.48790658882402,527.4395329441201,0.0,87.37485748961052,24.117097581317765,7.0,Low_Rubber,20
105.58798999165973,527.9399499582986,0.0,80.17903865108391,24.141117597998335,7.0,Low_Rubber,20
105.68807339449542,528.4403669724771,0.0,80.54923348499045,24.165137614678905,7.0,Low_Rubber,20
105.78815679733111,528.9407839866556,0.0,83.094809941531,24.189157631359468,7.0,Low_Rubber,20
105.8882402001668,529.441201000834,0.0,84.40202226346759,24.213177648040034,7.0,Low_Rubber,20
105.9883236030025,529.9416180150125,0.0,76.95864492503149,24.237197664720604,7.0,Low_Rubber,20
106.0884070058382,530.4420350291911,0.0,77.70703706895141,24.26121768140117,7.0,Low_Rubber,20
106.1884904086739,530.9424520433695,0.0,79.48508792853418,24.285237698081737,7.0,Low_Rubber,20
106.2885738115096,531.442869057548,0.0,76.9030987757519,24.309257714762303,7.0,Low_Rubber,20
106.38865721434529,531.9432860717264,0.0,82.17344437649223,24.33327773144287,7.0,Low_Rubber,20
106.488740617181,532.443703085905,0.0,84.22649892883852,24.35729774812344,7.0,Low_Rubber,20
106.58882402001669,532.9441201000834,0.0,81.0253559209998,24.381317764804002,7.0,Low_Rubber,20
106.68890742285238,533.444537114262,0.0,83.5663252312079,24.405337781484572,7.0,Low_Rubber,20
106.78899082568807,533.9449541284404,0.0,87.07949013312938,24.429357798165135,7.0,Low_Rubber,20
106.88907422852377,534.4453711426188,0.0,75.83544967254417,24.4533778148457,7.0,Low_Rubber,20
106.98915763135948,534.9457881567973,0.0,84.4510775712761,24.47739783152627,7.0,Low_Rubber,20
107.08924103419517,535.4462051709759,0.0,90.59026649740211,24.50141784820684,7.0,Low_Rubber,20
107.18932443703086,535.9466221851543,0.0,80.16873942546762,24.525437864887405,7.0,Low_Rubber,20
107.28940783986656,536.4470391993327,0.0,77.01896136042633,24.54945788156797,7.0,Low_Rubber,20
107.38949124270225,536.9474562135113,0.0,83.67703680070667,24.57347789824854,7.0,Low_Rubber,20
107.48957464553796,537.4478732276898,0.0,83.03220272861171,24.59749791492911,7.0,Low_Rubber,20
107.58965804837365,537.9482902418682,0.0,85.61128292224402,24.621517931609674,7.0,Low_Rubber,20
107.68974145120934,538.4487072560468,0.0,93.43896372607333,24.645537948290244,7.0,Low_Rubber,20
107.78982485404504,538.9491242702252,0.0,76.60630685781794,24.669557964970807,7.0,Low_Rubber,20
107.88990825688073,539.4495412844036,0.0,83.52478519487573,24.693577981651373,7.0,Low_Rubber,20
107.98999165971644,539.9499582985821,0.0,81.52643084964302,24.717597998331943,7.0,Low_Rubber,20
108.09007506255213,540.4503753127607,0.0,80.9026987010523,24.741618015012513,7.0,Low_Rubber,20
108.19015846538782,540.9507923269391,0.0,73.35281954735585,24.765638031693076,7.0,Low_Rubber,20
108.29024186822352,541.4512093411176,0.0,86.5651309538301,24.789658048373646,7.0,Low_Rubber,20
108.39032527105923,541.9516263552962,0.0,83.66107743315172,24.813678065054216,7.0,Low_Rubber,20
108.49040867389492,542.4520433694746,0.0,86.0923202938825,24.837698081734782,7.0,Low_Rubber,20
108.59049207673061,542.952460383653,0.0,83.56987874614943,24.861718098415345,7.0,Low_Rubber,20
108.6905754795663,543.4528773978316,0.0,92.28195118397517,24.885738115095915,7.0,Low_Rubber,20
108.790658882402,543.95329441201,0.0,81.86040864057122,24.909758131776478,7.0,Low_Rubber,20
108.8907422852377,544.4537114261885,0.0,77.7157564881004,24.933778148457048,7.0,Low_Rubber,20
108.9908256880734,544.954128440367,0.0,82.41302532778812,24.957798165137614,7.0,Low_Rubber,20
109.0909090909091,545.4545454545455,0.0,75.76134678633423,24.981818181818184,7.0,Low_Rubber,20
109.19099249374479,545.9549624687239,0.0,82.99067163361349,25.005838198498747,7.0,Low_Rubber,20
109.29107589658048,546.4553794829023,0.0,78.56315531877888,25.029858215179313,7.0,Low_Rubber,20
109.39115929941619,546.9557964970809,0.0,75.10315665048795,25.053878231859883,7.0,Low_Rubber,20
109.49124270225188,547.4562135112594,0.0,82.48883125973191,25.077898248540453,7.0,Low_Rubber,20
109.59132610508757,547.9566305254378,0.0,77.71519615875125,25.101918265221016,7.0,Low_Rubber,20
109.69140950792327,548.4570475396164,0.0,81.42234801570568,25.125938281901586,7.0,Low_Rubber,20
109.79149291075898,548.9574645537949,0.0,82.34924010158328,25.149958298582156,7.0,Low_Rubber,20
109.89157631359467,549.4578815679733,0.0,90.73771591908994,25.17397831526272,7.0,Low_Rubber,20
109.99165971643036,549.9582985821518,0.0,79.65901996378545,25.197998331943285,7.0,Low_Rubber,20
110.09174311926606,550.4587155963303,0.0,80.05352977581836,25.222018348623855,7.0,Low_Rubber,20
110.19182652210175,550.9591326105087,0.0,88.81746695876134,25.24603836530442,7.0,Low_Rubber,20
110.29190992493746,551.4595496246873,0.0,80.94728698071442,25.270058381984988,7.0,Low_Rubber,20
110.39199332777315,551.9599666388658,0.0,78.2486920078419,25.294078398665558,7.0,Low_Rubber,20
110.49207673060884,552.4603836530442,0.0,81.42741127990682,25.318098415346125,7.0,Low_Rubber,20
110.59216013344454,552.9608006672227,0.0,82.90080077781714,25.342118432026687,7.0,Low_Rubber,20
110.69224353628023,553.4612176814012,0.0,83.81232856295003,25.366138448707257,7.0,Low_Rubber,20
110.79232693911594,553.9616346955797,0.0,78.3003107777694,25.390158465387827,7.0,Low_Rubber,20
110.89241034195163,554.4620517097582,0.0,84.01124919272226,25.41417848206839,7.0,Low_Rubber,20
110.99249374478732,554.9624687239366,0.0,84.13469218492062,25.438198498748957,7.0,Low_Rubber,20
111.09257714762302,555.4628857381151,0.0,82.61289008930322,25.462218515429527,7.0,Low_Rubber,20
111.19266055045873,555.9633027522937,0.0,79.61158214623455,25.486238532110097,7.0,Low_Rubber,20
111.29274395329442,556.4637197664721,0.0,88.27101000271435,25.51025854879066,7.0,Low_Rubber,20
111.39282735613011,556.9641367806505,0.0,88.12629876955981,25.534278565471226,7.0,Low_Rubber,20
111.4929107589658,557.464553794829,0.0,87.65232792957686,25.558298582151796,7.0,Low_Rubber,20
111.5929941618015,557.9649708090075,0.0,75.35189132786803,25.58231859883236,7.0,Low_Rubber,20
111.6930775646372,558.465387823186,0.0,99.25243612442398,25.60633861551293,7.0,Low_Rubber,20
111.7931609674729,558.9658048373645,0.0,78.04416334943619,25.6303586321935,7.0,Low_Rubber,20
111.8932443703086,559.466221851543,0.0,79.90181774386626,25.65437864887406,7.0,Low_Rubber,20
111.99332777314429,559.9666388657214,0.0,84.47965740165576,25.678398665554628,7.0,Low_Rubber,20
112.09341117597998,560.4670558798999,0.0,86.0682759011789,25.702418682235198,7.0,Low_Rubber,20
112.19349457881569,560.9674728940785,0.0,80.81964516571183,25.726438698915768,7.0,Low_Rubber,20
112.29357798165138,561.4678899082569,0.0,90.27870128886074,25.75045871559633,7.0,Low_Rubber,20
112.39366138448707,561.9683069224354,0.0,93.26888983178043,25.7744787322769,7.0,Low_Rubber,20
112.49374478732277,562.4687239366139,0.0,83.08410773840278,25.798498748957467,7.0,Low_Rubber,20
112.59382819015848,562.9691409507924,0.0,88.57290141714851,25.822518765638037,7.0,Low_Rubber,20
112.69391159299417,563.4695579649708,0.0,94.9744310211595,25.8465387823186,7.0,Low_Rubber,20
112.79399499582986,563.9699749791494,0.0,79.52669060037134,25.87055879899917,7.0,Low_Rubber,20
112.89407839866556,564.4703919933278,0.0,84.07930867392005,25.894578815679733,7.0,Low_Rubber,20
112.99416180150125,564.9708090075062,0.0,86.36967540318767,25.9185988323603,7.0,Low_Rubber,20
113.09424520433696,565.4712260216847,0.0,82.96563823970541,25.94261884904087,7.0,Low_Rubber,20
113.19432860717265,565.9716430358633,0.0,86.16996956373654,25.96663886572144,7.0,Low_Rubber,20
113.29441201000834,566.4720600500417,0.0,93.03993961938261,25.990658882402002,7.0,Low_Rubber,20
113.39449541284404,566.9724770642201,0.0,89.96695629214543,26.01467889908257,7.0,Low_Rubber,20
113.49457881567973,567.4728940783987,0.0,68.90727876421538,26.03869891576314,7.0,Low_Rubber,20
113.59466221851544,567.9733110925772,0.0,85.28124932190974,26.06271893244371,7.0,Low_Rubber,20
113.69474562135113,568.4737281067556,0.0,88.83548220476058,26.08673894912427,7.0,Low_Rubber,20
113.79482902418682,568.9741451209342,0.0,79.26314299716121,26.11075896580484,7.0,Low_Rubber,20
113.89491242702252,569.4745621351126,0.0,88.30660958902729,26.134778982485404,7.0,Low_Rubber,20
113.99499582985821,569.974979149291,0.0,86.34551102510989,26.15879899916597,7.0,Low_Rubber,20
114.09507923269392,570.4753961634696,0.0,89.71268487111581,26.18281901584654,7.0,Low_Rubber,20
114.19516263552961,570.9758131776481,0.0,82.96120924887416,26.20683903252711,7.0,Low_Rubber,20
114.2952460383653,571.4762301918265,0.0,85.80828928403989,26.230859049207673,7.0,Low_Rubber,20
114.395329441201,571.976647206005,0.0,74.48179983165123,26.254879065888243,7.0,Low_Rubber,20
114.49541284403671,572.4770642201836,0.0,85.970704672795,26.278899082568813,7.0,Low_Rubber,20
114.5954962468724,572.977481234362,0.0,83.77001633024561,26.30291909924938,7.0,Low_Rubber,20
114.6955796497081,573.4778982485404,0.0,95.36098361741624,26.326939115929942,7.0,Low_Rubber,20
114.79566305254379,573.978315262719,0.0,90.76323225199724,26.350959132610512,7.0,Low_Rubber,20
114.89574645537948,574.4787322768974,0.0,75.50032781349792,26.374979149291075,7.0,Low_Rubber,20
114.99582985821519,574.9791492910759,0.0,89.566377398052,26.398999165971645,7.0,Low_Rubber,20
115.09591326105088,575.4795663052544,0.0,76.43391018394148,26.42301918265221,7.0,Low_Rubber,20
115.19599666388658,575.9799833194329,0.0,85.77880810160872,26.44703919933278,7.0,Low_Rubber,20
115.29608006672227,576.4804003336113,0.0,85.95468867963751,26.471059216013344,7.0,Low_Rubber,20
115.39616346955796,576.9808173477898,0.0,80.68541484739022,26.49507923269391,7.0,Low_Rubber,20
115.49624687239367,577.4812343619683,0.0,77.90926718195449,26.51909924937448,7.0,Low_Rubber,20
115.59633027522936,577.9816513761468,0.0,74.64240683092316,26.54311926605505,7.0,Low_Rubber,20
115.69641367806506,578.4820683903253,0.0,76.94667476805172,26.567139282735614,7.0,Low_Rubber,20
115.79649708090075,578.9824854045038,0.0,98.15287614932123,26.591159299416184,7.0,Low_Rubber,20
115.89658048373646,579.4829024186823,0.0,83.26827617034598,26.615179316096754,7.0,Low_Rubber,20
115.99666388657215,579.9833194328608,0.0,90.37957865373562,26.639199332777316,7.0,Low_Rubber,20
116.09674728940784,580.4837364470392,0.0,77.50914446148256,26.663219349457883,7.0,Low_Rubber,20
116.19683069224354,580.9841534612177,0.0,81.06024660200102,26.687239366138453,7.0,Low_Rubber,20
116.29691409507923,581.4845704753961,0.0,86.4832313492289,26.711259382819016,7.0,Low_Rubber,20
116.39699749791494,581.9849874895747,0.0,88.59404340818415,26.735279399499586,7.0,Low_Rubber,20
116.49708090075063,582.4854045037532,0.0,85.67930586600077,26.759299416180156,7.0,Low_Rubber,20
116.59716430358633,582.9858215179316,0.0,86.0370351527972,26.783319432860722,7.0,Low_Rubber,20
116.69724770642202,583.4862385321101,0.0,77.51864937634181,26.807339449541285,7.0,Low_Rubber,20
116.79733110925771,583.9866555462886,0.0,91.18091297086221,26.831359466221855,7.0,Low_Rubber,20
116.89741451209342,584.4870725604671,0.0,84.72408186456914,26.855379482902425,7.0,Low_Rubber,20
116.99749791492911,584.9874895746456,0.0,83.34617901316571,26.879399499582988,7.0,Low_Rubber,20
117.0975813177648,585.487906588824,0.0,88.49902451418274,26.903419516263554,7.0,Low_Rubber,20
117.1976647206005,585.9883236030025,0.0,80.79840216984526,26.927439532944124,7.0,Low_Rubber,20
117.29774812343621,586.4887406171811,0.0,88.79111248006294,26.95145954962469,7.0,Low_Rubber,20
117.3978315262719,586.9891576313595,0.0,86.13881903603644,26.975479566305257,7.0,Low_Rubber,20
117.4979149291076,587.4895746455379,0.0,83.59972818354103,26.999499582985823,7.0,Low_Rubber,20
117.59799833194329,587.9899916597165,0.0,87.69135801638681,27.02351959966639,7.0,Low_Rubber,20
117.69808173477898,588.4904086738949,0.0,83.22031476715134,27.047539616346956,7.0,Low_Rubber,20
117.79816513761469,588.9908256880734,0.0,85.12219677530646,27.071559633027523,7.0,Low_Rubber,20
117.89824854045038,589.491242702252,0.0,85.21155241050016,27.095579649708093,7.0,Low_Rubber,20
117.99833194328608,589.9916597164304,0.0,91.98470720151687,27.119599666388655,7.0,Low_Rubber,20
118.09841534612177,590.4920767306088,0.0,78.74095113836022,27.143619683069222,7.0,Low_Rubber,20
118.19849874895746,590.9924937447873,0.0,88.14748125045193,27.16763969974979,7.0,Low_Rubber,20
118.29858215179317,591.4929107589659,0.0,82.79545495723247,27.19165971643036,7.0,Low_Rubber,20
118.39866555462886,591.9933277731443,0.0,89.97140449364602,27.215679733110925,7.0,Low_Rubber,20
118.49874895746456,592.4937447873228,0.0,80.85007580939954,27.239699749791495,7.0,Low_Rubber,20
118.59883236030025,592.9941618015013,0.0,88.58864681790544,27.26371976647206,7.0,Low_Rubber,20
118.69891576313594,593.4945788156797,0.0,89.6749799585115,27.287739783152624,7.0,Low_Rubber,20
118.79899916597165,593.9949958298582,0.0,79.84581427537681,27.311759799833194,7.0,Low_Rubber,20
118.89908256880734,594.4954128440368,0.0,103.16094107429535,27.335779816513764,7.0,Low_Rubber,20
118.99916597164304,594.9958298582152,0.0,91.2473543243029,27.359799833194327,7.0,Low_Rubber,20
119.09924937447873,595.4962468723936,0.0,89.95778781487468,27.383819849874893,7.0,Low_Rubber,20
119.19933277731444,595.9966638865722,0.0,82.43166319247337,27.407839866555463,7.0,Low_Rubber,20
119.29941618015013,596.4970809007507,0.0,87.41946510142218,27.431859883236033,7.0,Low_Rubber,20
119.39949958298583,596.9974979149291,0.0,85.05547652535091,27.455879899916596,7.0,Low_Rubber,20
119.49958298582152,597.4979149291075,0.0,82.68757753395421,27.479899916597162,7.0,Low_Rubber,20
119.59966638865721,597.9983319432861,0.0,89.06934327314916,27.503919933277732,7.0,Low_Rubber,20
119.69974979149292,598.4987489574646,0.0,77.03177569052858,27.527939949958302,7.0,Low_Rubber,20
119.79983319432861,598.999165971643,0.0,89.10630901273325,27.551959966638865,7.0,Low_Rubber,20
119.8999165971643,599.4995829858216,0.0,93.06061050423054,27.575979983319435,7.0,Low_Rubber,20
120.0,600.0,0.0,92.03742252094105,27.599999999999998,7.0,Low_Rubber,20
